1
13
24
24
29
55
58
68
84
145
150
165
193
214
214
216
224
229
233
243
261
268
276
290
296
297
314
355
357
379
389
398
432
441
448
449
458
460
462
485
485
485
490
507
526
530
534
543
545
557
567
578
583
615
620
621
644
673
686
691
698
735
769
781
781
786
808
816
832
839
847
851
872
879
881
894
904
908
924
939
948
989
998
1034
1043
1043
1044
1063
1071
1076
1088
1110
1111
1115
1128
1141
1180
1210
1212
1214
1221
1248
1259
1274
1288
1292
1296
1333
1335
1338
1340
1344
1346
1350
1352
1358
1358
1362
1369
1375
1385
1388
1396
1409
1412
1422
1442
1449
1450
1461
1467
1483
1503
1518
1528
1531
1555
1575
1577
1586
1610
1621
1626
1634
1652
1653
1657
1672
1686
1697
1702
1713
1731
1746
1771
1772
1798
1804
1811
1817
1878
1878
1887
1895
1929
1938
1944
1945
1962
2003
2004
2021
2021
2024
2037
2038
2044
2045
2057
2063
2070
2071
2073
2090
2098
2103
2117
2130
2135
2137
2148
2155
2168
2177
2178
2204
2218
2223
2237
2240
2243
2246
2248
2248
2297
2317
2321
2322
2330
2332
2350
2386
2413
2415
2417
2430
2444
2455
2456
2457
2470
2475
2485
2485
2490
2511
2520
2521
2529
2529
2530
2535
2538
2540
2546
2553
2562
2564
2566
2568
2585
2585
2611
2626
2627
2650
2652
2665
2683
2687
2691
2692
2702
2706
2707
2709
2719
2722
2749
2764
2774
2784
2786
2799
2803
2824
2830
2832
2845
2851
2863
2863
2870
2873
2874
2877
2886
2891
2899
2924
2932
2939
2964
2970
2973
2976
2983
2994
3007
3007
3018
3027
3031
3031
3033
3045
3050
3055
3059
3074
3092
3095
3096
3115
3144
3157
3171
3172
3186
3212
3221
3235
3238
3250
3251
3265
3280
3281
3289
3292
3309
3310
3320
3327
3331
3334
3334
3338
3345
3365
3396
3404
3409
3425
3433
3453
3462
3488
3512
3516
3517
3536
3549
3567
3569
3609
3616
3632
3658
3658
3663
3668
3692
3726
3750
3752
3755
3761
3779
3783
3802
3806
3810
3811
3813
3821
3829
3845
3857
3871
3879
3879
3890
3900
3913
3926
3929
3942
3962
4017
4020
4045
4047
4055
4073
4080
4102
4107
4132
4145
4162
4173
4181
4193
4202
4213
4217
4224
4239
4239
4243
4259
4266
4270
4284
4315
4315
4346
4350
4355
4360
4390
4398
4398
4414
4422
4427
4442
4471
4475
4486
4492
4523
4533
4537
4546
4552
4554
4578
4589
4590
4591
4595
4603
4604
4605
4614
4618
4621
4627
4650
4652
4655
4658
4665
4669
4692
4692
4717
4734
4767
4777
4793
4799
4801
4805
4818
4828
4839
4854
4856
4918
4932
4946
4949
4957
4957
5002
5010
5015
5025
5032
5035
5044
5048
5053
5076
5076
5089
5111
5126
5154
5158
5181
5187
5194
5197
5216
5218
5220
5231
5241
5244
5246
5251
5252
5258
5268
5278
5284
5292
5292
5295
5313
5319
5321
5328
5331
5334
5335
5344
5350
5354
5355
5360
5364
5388
5417
5444
5445
5453
5458
5460
5481
5491
5572
5574
5594
5605
5609
5610
5612
5620
5623
5628
5629
5643
5654
5658
5663
5665
5670
5693
5706
5709
5767
5771
5783
5785
5786
5800
5802
5804
5811
5829
5832
5866
5868
5875
5885
5913
5913
5918
5944
5952
5952
5970
5972
5983
5996
6001
6007
6009
6009
6023
6030
6030
6030
6033
6051
6065
6089
6096
6098
6133
6135
6154
6168
6174
6185
6198
6238
6248
6275
6278
6279
6286
6315
6339
6373
6384
6408
6409
6420
6426
6433
6454
6463
6467
6475
6476
6477
6484
6524
6526
6530
6541
6546
6549
6550
6590
6599
6613
6674
6679
6693
6703
6714
6719
6722
6723
6729
6734
6735
6741
6762
6776
6778
6791
6795
6807
6819
6822
6827
6829
6839
6841
6853
6869
6900
6907
6914
6941
6942
6942
6956
6974
6979
6990
7006
7007
7016
7044
7062
7064
7065
7067
7067
7080
7093
7102
7125
7128
7156
7171
7180
7197
7204
7216
7221
7236
7237
7243
7249
7277
7279
7282
7286
7287
7288
7311
7319
7324
7331
7348
7350
7360
7361
7365
7368
7369
7379
7388
7394
7396
7396
7403
7403
7417
7423
7427
7441
7464
7466
7478
7479
7479
7513
7513
7516
7522
7530
7531
7538
7541
7544
7544
7549
7549
7563
7584
7608
7626
7633
7651
7660
7664
7681
7696
7715
7746
7748
7768
7770
7771
7828
7858
7885
7891
7896
7906
7913
7917
7917
7922
7930
7933
7942
7943
7949
7952
7954
7961
7967
7999
8002
8007
8007
8016
8025
8036
8037
8038
8039
8051
8067
8072
8075
8077
8099
8131
8136
8145
8170
8177
8180
8183
8183
8186
8222
8224
8239
8268
8272
8274
8279
8280
8302
8328
8352
8374
8388
8390
8404
8404
8421
8421
8422
8426
8441
8442
8461
8469
8472
8483
8487
8487
8490
8493
8507
8521
8522
8539
8540
8559
8559
8564
8565
8574
8583
8588
8589
8590
8595
8609
8621
8634
8637
8665
8677
8683
8684
8684
8686
8695
8703
8721
8727
8740
8743
8749
8753
8758
8759
8765
8765
8767
8796
8803
8809
8812
8820
8847
8850
8851
8860
8869
8895
8907
8926
8933
8939
8943
8949
8950
8951
8952
8973
8973
8985
9001
9003
9018
9019
9043
9046
9056
9059
9069
9077
9086
9099
9099
9100
9111
9175
9185
9188
9198
9210
9216
9221
9225
9226
9250
9256
9258
9270
9287
9289
9297
9328
9334
9339
9340
9351
9359
9359
9369
9373
9390
9394
9410
9413
9422
9423
9444
9448
9463
9472
9511
9537
9540
9547
9556
9569
9590
9592
9595
9601
9602
9607
9612
9613
9635
9643
9678
9686
9706
9714
9722
9728
9730
9731
9761
9770
9783
9785
9787
9797
9873
9886
9895
9910
9931
9935
9936
9948
9984
9987
9994
10001
10026
10055
10065
10072
10074
10078
10084
10096
10104
10106
10127
10128
10131
10143
10153
10161
10165
10169
10169
10175
10176
10189
10195
10205
10207
10210
10213
10221
10235
10242
10244
10251
10256
10278
10287
10288
10310
10323
10325
10326
10328
10334
10342
10357
10411
10413
10422
10441
10450
10450
10454
10462
10465
10471
10477
10496
10506
10512
10529
10531
10531
10538
10544
10546
10552
10556
10558
10567
10575
10576
10602
10605
10605
10608
10639
10668
10669
10674
10679
10690
10692
10696
10706
10714
10774
10805
10832
10833
10857
10859
10865
10869
10872
10884
10891
10893
10896
10903
10913
10917
10917
10921
10924
10925
10936
10943
10950
10957
10963
10973
10995
11009
11014
11020
11041
11045
11055
11067
11068
11082
11082
11084
11091
11110
11138
11149
11151
11175
11176
11178
11179
11195
11205
11205
11208
11225
11232
11255
11260
11265
11268
11289
11302
11302
11303
11320
11325
11331
11353
11369
11372
11372
11375
11377
11388
11399
11413
11420
11421
11428
11438
11440
11454
11467
11482
11487
11500
11512
11515
11529
11562
11625
11644
11655
11665
11676
11680
11682
11692
11694
11697
11706
11743
11746
11751
11785
11788
11798
11798
11804
11804
11811
11813
11824
11825
11827
11850
11850
11855
11858
11877
11882
11894
11901
11913
11931
11941
11950
11964
11964
11967
11968
11973
12012
12039
12051
12079
12081
12088
12096
12100
12101
12125
12126
12129
12131
12137
12145
12155
12171
12202
12233
12234
12249
12255
12263
12264
12269
12289
12326
12330
12352
12367
12376
12402
12410
12421
12427
12437
12477
12484
12488
12491
12492
12493
12504
12516
12547
12563
12571
12582
12584
12609
12614
12616
12626
12630
12640
12653
12668
12671
12673
12676
12703
12708
12714
12744
12787
12796
12798
12800
12814
12847
12851
12892
12919
12933
12946
12953
12962
12968
12975
12985
12985
12987
12996
12996
13040
13042
13051
13055
13061
13062
13105
13115
13117
13131
13136
13138
13180
13188
13191
13192
13202
13206
13235
13238
13273
13277
13277
13278
13278
13282
13283
13284
13296
13299
13301
13305
13311
13313
13322
13323
13325
13334
13351
13363
13385
13389
13402
13411
13413
13427
13428
13429
13436
13462
13481
13483
13484
13488
13490
13493
13493
13498
13499
13499
13508
13514
13530
13557
13559
13570
13577
13585
13586
13591
13614
13618
13632
13633
13652
13656
13657
13660
13671
13676
13695
13731
13742
13776
13804
13812
13812
13819
13827
13829
13844
13845
13852
13857
13869
13880
13896
13903
13907
13908
13920
13938
13953
13982
13990
13995
14001
14009
14013
14016
14020
14022
14034
14038
14054
14066
14093
14095
14099
14100
14101
14104
14108
14112
14157
14176
14184
14212
14235
14246
14257
14266
14268
14274
14283
14291
14305
14318
14327
14338
14339
14347
14347
14376
14392
14413
14414
14416
14425
14438
14457
14473
14475
14491
14502
14504
14516
14519
14527
14533
14546
14551
14561
14587
14595
14608
14617
14618
14631
14638
14646
14649
14673
14675
14693
14693
14697
14713
14719
14726
14726
14741
14759
14762
14764
14774
14778
14779
14803
14819
14836
14845
14848
14854
14871
14874
14882
14896
14901
14903
14906
14939
14941
14946
14950
14967
14967
14969
14975
14994
15009
15075
15085
15090
15096
15099
15101
15107
15112
15114
15117
15120
15127
15130
15135
15148
15165
15182
15201
15207
15239
15245
15263
15264
15271
15280
15280
15288
15294
15307
15325
15326
15339
15348
15362
15374
15374
15375
15377
15389
15407
15420
15423
15436
15439
15440
15450
15453
15458
15473
15476
15482
15482
15496
15497
15513
15516
15521
15534
15536
15564
15575
15604
15609
15615
15655
15693
15694
15707
15713
15721
15724
15732
15733
15735
15739
15747
15749
15753
15761
15777
15788
15805
15811
15821
15835
15857
15872
15880
15883
15906
15907
15911
15912
15914
15917
15931
15976
15983
16010
16031
16034
16034
16037
16040
16052
16055
16058
16064
16072
16082
16086
16088
16094
16097
16106
16107
16120
16121
16128
16131
16135
16187
16188
16194
16208
16211
16222
16229
16254
16262
16263
16264
16269
16269
16273
16276
16277
16302
16304
16346
16351
16383
16400
16403
16407
16415
16415
16416
16416
16424
16438
16455
16459
16473
16482
16484
16525
16549
16576
16576
16597
16597
16607
16614
16626
16629
16632
16652
16668
16681
16702
16718
16724
16724
16732
16737
16768
16787
16805
16820
16821
16826
16826
16831
16853
16864
16871
16881
16884
16886
16896
16918
16925
16934
16939
16951
16952
16954
16961
16963
16974
16990
17005
17025
17026
17038
17053
17056
17097
17098
17098
17113
17142
17145
17148
17150
17152
17176
17184
17197
17212
17223
17260
17271
17275
17286
17288
17291
17331
17332
17336
17337
17339
17340
17347
17388
17394
17397
17401
17421
17436
17477
17483
17513
17513
17521
17536
17559
17572
17576
17578
17582
17585
17588
17593
17597
17609
17619
17626
17643
17646
17656
17669
17670
17689
17717
17722
17745
17761
17771
17772
17782
17786
17790
17806
17820
17825
17867
17877
17878
17886
17910
17911
17927
17962
17968
18001
18011
18026
18029
18032
18033
18053
18055
18062
18081
18082
18086
18120
18124
18161
18181
18194
18200
18206
18208
18215
18221
18238
18249
18252
18253
18261
18274
18275
18283
18289
18290
18296
18301
18317
18329
18333
18342
18346
18362
18372
18380
18397
18406
18421
18437
18440
18457
18487
18488
18497
18539
18568
18572
18576
18580
18588
18603
18606
18616
18639
18651
18659
18663
18664
18668
18692
18703
18710
18712
18720
18736
18760
18766
18769
18808
18863
18876
18885
18891
18915
18959
18964
18965
18969
18972
18985
19006
19015
19027
19038
19039
19042
19045
19051
19053
19061
19067
19068
19091
19105
19119
19127
19137
19145
19157
19159
19162
19173
19206
19206
19207
19216
19221
19226
19232
19233
19235
19236
19254
19259
19277
19291
19292
19302
19305
19305
19327
19337
19339
19353
19361
19374
19385
19400
19400
19418
19448
19459
19498
19499
19501
19501
19505
19507
19520
19530
19544
19547
19592
19601
19610
19619
19626
19628
19628
19630
19631
19639
19665
19672
19681
19682
19687
19687
19692
19700
19709
19715
19721
19722
19726
19732
19735
19742
19747
19763
19770
19794
19796
19805
19808
19818
19818
19837
19842
19846
19860
19870
19881
19884
19888
19897
19906
19927
19933
19953
19956
20011
20014
20015
20018
20026
20050
20054
20066
20074
20082
20093
20103
20105
20114
20124
20126
20136
20143
20144
20180
20190
20192
20193
20204
20207
20209
20219
20223
20225
20236
20236
20237
20243
20257
20266
20266
20294
20295
20300
20301
20304
20321
20347
20361
20373
20375
20385
20394
20426
20459
20460
20480
20490
20497
20501
20514
20515
20516
20519
20534
20540
20551
20554
20569
20570
20572
20574
20574
20595
20603
20611
20617
20624
20638
20638
20642
20642
20644
20646
20685
20689
20704
20727
20730
20757
20772
20775
20785
20797
20815
20826
20844
20850
20856
20862
20864
20873
20879
20898
20902
20903
20914
20917
20930
20934
20935
20936
20941
20956
20981
20987
21000
21005
21022
21026
21027
21031
21044
21073
21081
21084
21085
21089
21090
21099
21104
21119
21125
21126
21135
21136
21145
21161
21162
21169
21180
21250
21260
21269
21271
21272
21278
21282
21295
21303
21303
21305
21312
21325
21328
21341
21367
21368
21398
21405
21412
21436
21449
21479
21503
21511
21518
21519
21519
21542
21572
21574
21583
21588
21588
21628
21632
21639
21643
21645
21650
21651
21657
21669
21692
21693
21696
21714
21726
21726
21737
21742
21749
21753
21771
21772
21780
21805
21827
21829
21834
21840
21850
21860
21863
21864
21868
21881
21883
21888
21897
21898
21899
21915
21926
21930
21934
21942
21966
21969
21979
22013
22016
22019
22033
22039
22043
22096
22100
22112
22130
22137
22138
22144
22150
22152
22170
22175
22178
22186
22203
22211
22223
22226
22229
22237
22256
22273
22278
22279
22283
22298
22318
22323
22328
22330
22347
22353
22356
22361
22387
22391
22392
22394
22406
22420
22425
22428
22430
22433
22453
22459
22468
22476
22480
22501
22503
22513
22519
22522
22529
22548
22563
22566
22566
22568
22580
22580
22605
22611
22613
22621
22636
22640
22656
22666
22666
22672
22674
22689
22690
22692
22706
22714
22720
22722
22724
22727
22758
22775
22786
22792
22810
22810
22812
22812
22815
22817
22840
22840
22847
22848
22857
22890
22891
22895
22895
22901
22915
22921
22926
22939
22953
22956
22997
22997
23000
23005
23012
23035
23035
23040
23043
23049
23049
23062
23074
23077
23085
23091
23092
23097
23103
23106
23123
23141
23147
23151
23176
23178
23183
23184
23207
23248
23254
23264
23267
23268
23274
23289
23302
23307
23323
23332
23338
23340
23383
23389
23400
23419
23426
23435
23446
23446
23447
23452
23455
23459
23468
23472
23474
23499
23509
23532
23535
23544
23546
23560
23571
23575
23577
23581
23596
23603
23617
23623
23629
23633
23636
23667
23676
23692
23694
23704
23715
23724
23732
23740
23754
23755
23761
23777
23803
23809
23833
23833
23837
23838
23862
23869
23877
23885
23897
23919
23921
23934
23946
23964
23999
24002
24004
24014
24014
24020
24028
24029
24060
24083
24086
24095
24107
24113
24140
24145
24157
24160
24161
24164
24165
24168
24170
24177
24184
24186
24202
24207
24214
24219
24234
24248
24270
24319
24328
24350
24358
24363
24364
24378
24378
24408
24416
24458
24463
24474
24484
24488
24507
24543
24545
24551
24560
24566
24591
24592
24593
24599
24599
24604
24639
24643
24645
24663
24673
24697
24710
24714
24715
24717
24731
24740
24741
24742
24746
24762
24767
24767
24776
24790
24797
24813
24860
24876
24900
24900
24907
24913
24917
24931
24942
24947
24947
24960
24962
24963
24976
24990
25023
25042
25046
25048
25048
25056
25066
25067
25090
25117
25121
25130
25140
25157
25189
25192
25200
25214
25246
25261
25261
25265
25301
25303
25305
25307
25310
25323
25330
25340
25343
25347
25366
25408
25420
25439
25439
25441
25459
25464
25466
25473
25482
25489
25499
25499
25504
25535
25539
25544
25561
25569
25577
25583
25595
25607
25620
25647
25649
25655
25688
25698
25704
25704
25718
25739
25739
25743
25746
25755
25761
25767
25773
25781
25782
25813
25818
25829
25834
25841
25842
25846
25858
25872
25881
25888
25911
25920
25925
25925
25932
25938
25940
25944
25951
25956
25989
25993
25994
25995
26017
26047
26048
26054
26056
26083
26090
26093
26100
26114
26126
26130
26141
26146
26148
26149
26149
26161
26172
26183
26186
26204
26221
26229
26229
26233
26233
26251
26262
26267
26268
26277
26286
26286
26288
26293
26307
26331
26339
26357
26366
26371
26378
26395
26405
26413
26420
26457
26466
26485
26495
26530
26545
26551
26551
26555
26558
26560
26563
26579
26603
26604
26606
26611
26626
26634
26646
26647
26676
26695
26705
26715
26723
26724
26725
26727
26739
26742
26746
26770
26783
26787
26787
26789
26819
26838
26865
26876
26887
26892
26897
26919
26941
26944
26951
26952
26961
26992
27006
27009
27042
27058
27058
27062
27065
27100
27131
27132
27152
27156
27161
27174
27181
27205
27207
27224
27241
27243
27248
27252
27258
27270
27275
27290
27291
27293
27298
27303
27321
27323
27326
27328
27332
27337
27362
27362
27371
27394
27398
27399
27399
27410
27421
27421
27431
27443
27464
27488
27516
27518
27527
27569
27572
27577
27583
27589
27604
27611
27627
27632
27649
27666
27676
27681
27701
27718
27724
27747
27760
27763
27768
27795
27799
27801
27811
27811
27826
27838
27840
27840
27852
27862
27871
27881
27888
27895
27902
27903
27904
27908
27920
27921
27924
27929
27931
27935
27950
28006
28017
28022
28036
28052
28073
28082
28093
28107
28112
28112
28112
28129
28130
28133
28141
28143
28143
28149
28151
28188
28188
28204
28219
28220
28244
28254
28260
28274
28282
28282
28286
28314
28324
28345
28362
28363
28367
28380
28381
28395
28439
28442
28449
28467
28479
28480
28518
28539
28542
28547
28551
28554
28555
28555
28561
28564
28566
28592
28601
28609
28614
28622
28624
28638
28644
28646
28655
28661
28665
28670
28692
28697
28706
28709
28713
28734
28737
28770
28771
28794
28796
28810
28832
28846
28850
28880
28883
28891
28894
28900
28919
28940
28948
28966
28971
28975
28986
28991
28994
28995
29012
29029
29046
29050
29059
29074
29101
29102
29111
29117
29123
29134
29142
29146
29162
29168
29180
29185
29187
29195
29223
29227
29255
29257
29262
29273
29274
29308
29319
29329
29335
29344
29347
29352
29359
29364
29379
29392
29448
29450
29459
29461
29465
29504
29504
29505
29540
29543
29551
29556
29585
29596
29597
29600
29603
29619
29624
29628
29628
29632
29632
29635
29640
29651
29651
29652
29661
29663
29669
29673
29691
29692
29693
29698
29705
29709
29714
29716
29731
29746
29776
29782
29818
29821
29825
29848
29848
29850
29860
29873
29876
29878
29878
29935
29943
29946
29958
29966
29975
29978
29978
29979
30000
30022
30029
30042
30042
30044
30074
30081
30115
30132
30157
30169
30170
30176
30196
30202
30212
30224
30224
30233
30235
30246
30268
30269
30280
30286
30297
30303
30309
30315
30326
30329
30340
30342
30351
30369
30371
30371
30386
30411
30412
30431
30448
30458
30463
30468
30482
30483
30488
30488
30491
30493
30494
30494
30514
30522
30524
30526
30545
30547
30549
30563
30564
30583
30585
30585
30596
30603
30608
30615
30616
30619
30632
30645
30652
30695
30712
30715
30716
30717
30740
30759
30773
30777
30788
30823
30826
30836
30839
30844
30858
30863
30902
30913
30913
30958
30975
30984
30987
30991
31004
31004
31011
31018
31042
31048
31050
31063
31070
31073
31085
31106
31116
31119
31141
31144
31160
31179
31181
31194
31197
31201
31212
31217
31220
31220
31224
31235
31241
31251
31260
31280
31283
31292
31293
31303
31319
31323
31330
31343
31348
31398
31415
31423
31426
31435
31435
31446
31459
31463
31469
31473
31478
31504
31521
31539
31546
31551
31557
31563
31571
31572
31578
31584
31591
31606
31612
31621
31630
31649
31659
31667
31717
31718
31722
31724
31732
31736
31737
31739
31793
31802
31808
31816
31820
31824
31830
31841
31842
31843
31849
31856
31865
31873
31874
31879
31885
31892
31904
31907
31912
31917
31952
31963
31967
31977
31979
31983
31993
31993
32000
32016
32051
32086
32098
32103
32112
32120
32144
32148
32188
32192
32205
32206
32235
32270
32279
32298
32298
32312
32317
32323
32325
32343
32351
32352
32352
32354
32359
32361
32372
32373
32373
32374
32378
32385
32394
32399
32404
32424
32443
32452
32461
32461
32470
32481
32482
32498
32548
32549
32585
32600
32612
32613
32623
32629
32634
32637
32641
32643
32650
32667
32677
32687
32696
32698
32710
32721
32739
32747
32786
32801
32804
32821
32824
32847
32852
32857
32862
32866
32884
32896
32897
32905
32913
32914
32924
32946
32950
33011
33019
33024
33033
33040
33078
33086
33100
33101
33108
33132
33132
33154
33155
33171
33172
33175
33205
33215
33215
33219
33231
33238
33282
33283
33286
33289
33290
33293
33305
33306
33309
33328
33340
33341
33355
33367
33370
33379
33400
33405
33418
33424
33433
33471
33480
33496
33503
33527
33531
33531
33532
33547
33549
33577
33578
33598
33622
33622
33647
33657
33659
33715
33716
33725
33725
33729
33732
33771
33812
33829
33835
33842
33844
33845
33850
33859
33859
33865
33879
33886
33886
33895
33910
33912
33923
33928
33929
33941
33950
33976
33994
33997
34002
34006
34012
34066
34067
34091
34100
34114
34121
34124
34125
34126
34138
34148
34150
34165
34182
34190
34212
34218
34225
34227
34241
34243
34280
34287
34297
34300
34308
34319
34319
34330
34332
34355
34362
34364
34380
34382
34386
34392
34400
34455
34457
34477
34479
34482
34494
34532
34533
34563
34566
34569
34578
34587
34601
34602
34605
34615
34625
34642
34651
34657
34658
34665
34667
34670
34684
34684
34685
34689
34690
34703
34722
34723
34724
34732
34744
34751
34763
34778
34795
34812
34814
34814
34815
34819
34830
34842
34843
34846
34886
34891
34900
34912
34913
34917
34920
34928
34929
34938
34939
34941
34960
34976
34978
34985
34991
34996
34999
35008
35019
35022
35031
35044
35044
35046
35047
35048
35056
35073
35078
35078
35088
35089
35098
35104
35122
35127
35138
35141
35161
35162
35195
35211
35215
35218
35220
35247
35247
35253
35254
35304
35330
35341
35347
35370
35377
35378
35386
35388
35405
35421
35430
35433
35483
35487
35505
35518
35527
35537
35540
35548
35548
35558
35586
35597
35602
35614
35615
35617
35629
35639
35646
35651
35656
35658
35658
35662
35686
35689
35690
35696
35698
35705
35720
35726
35737
35739
35740
35747
35771
35798
35803
35805
35812
35819
35848
35860
35883
35885
35896
35896
35934
35943
35944
35946
35959
36007
36014
36022
36031
36031
36033
36039
36069
36071
36119
36119
36121
36126
36131
36138
36139
36156
36169
36181
36207
36210
36220
36223
36245
36250
36257
36266
36268
36287
36288
36292
36304
36315
36317
36323
36327
36336
36352
36352
36353
36360
36364
36367
36400
36424
36438
36439
36446
36456
36479
36489
36491
36497
36523
36526
36562
36562
36565
36585
36586
36596
36596
36610
36617
36625
36630
36643
36652
36653
36682
36684
36693
36695
36714
36748
36759
36768
36775
36789
36791
36793
36794
36795
36800
36805
36810
36812
36823
36826
36850
36855
36856
36863
36871
36873
36890
36902
36908
36911
36923
36935
36939
36947
36950
36968
36987
36991
36996
36998
37010
37013
37038
37060
37064
37074
37076
37088
37096
37102
37110
37133
37142
37153
37166
37171
37184
37189
37194
37201
37203
37221
37227
37251
37268
37288
37292
37341
37347
37366
37377
37378
37380
37393
37402
37420
37420
37421
37428
37440
37444
37452
37464
37466
37475
37498
37517
37531
37543
37555
37587
37591
37601
37603
37620
37625
37631
37638
37643
37644
37654
37671
37674
37675
37676
37682
37683
37708
37733
37736
37741
37743
37755
37757
37772
37778
37782
37791
37818
37824
37842
37843
37843
37866
37873
37887
37890
37902
37902
37907
37919
37925
37931
37955
37979
37980
37999
38001
38004
38004
38054
38055
38057
38072
38075
38077
38088
38100
38153
38161
38168
38178
38186
38197
38201
38214
38224
38231
38238
38249
38269
38279
38307
38317
38322
38344
38350
38354
38361
38370
38379
38408
38430
38466
38468
38469
38479
38486
38490
38498
38506
38526
38553
38561
38569
38618
38630
38663
38663
38682
38704
38711
38712
38716
38727
38753
38761
38763
38782
38782
38796
38802
38803
38816
38818
38839
38844
38846
38849
38850
38859
38862
38864
38871
38878
38904
38953
38958
38961
38962
38967
38971
38975
38994
39004
39010
39013
39015
39020
39024
39034
39053
39056
39065
39072
39082
39112
39117
39118
39126
39134
39136
39139
39140
39148
39183
39197
39202
39216
39230
39236
39241
39275
39281
39282
39284
39288
39292
39312
39327
39330
39334
39342
39350
39361
39376
39381
39394
39398
39402
39413
39415
39430
39430
39443
39443
39457
39476
39490
39492
39498
39505
39520
39525
39533
39542
39548
39560
39567
39586
39589
39593
39628
39636
39640
39645
39646
39652
39671
39675
39694
39696
39698
39708
39715
39715
39725
39744
39746
39752
39758
39758
39768
39776
39778
39778
39787
39790
39811
39813
39839
39868
39884
39884
39889
39928
39930
39931
39937
39940
39940
39970
39977
39977
39990
39994
40024
40025
40031
40053
40064
40076
40077
40079
40087
40088
40092
40092
40093
40105
40108
40111
40113
40117
40118
40125
40130
40138
40138
40155
40164
40164
40170
40189
40198
40215
40223
40256
40279
40279
40285
40288
40294
40312
40334
40353
40353
40369
40379
40391
40407
40408
40411
40413
40423
40427
40435
40440
40444
40450
40459
40470
40493
40512
40522
40537
40542
40544
40555
40555
40574
40576
40578
40589
40590
40601
40603
40608
40622
40640
40645
40650
40658
40662
40665
40674
40685
40714
40715
40723
40723
40738
40740
40751
40756
40762
40769
40770
40772
40790
40792
40797
40797
40815
40819
40838
40841
40880
40896
40898
40905
40916
40920
40940
40944
40979
40980
41007
41025
41041
41049
41053
41060
41106
41126
41132
41139
41142
41144
41157
41165
41192
41214
41225
41236
41243
41249
41250
41279
41287
41292
41298
41299
41306
41309
41313
41317
41344
41345
41351
41356
41357
41367
41392
41401
41409
41425
41455
41461
41462
41463
41464
41466
41471
41483
41492
41508
41509
41521
41521
41528
41537
41553
41574
41611
41612
41629
41664
41672
41682
41697
41701
41736
41738
41752
41763
41774
41779
41786
41788
41792
41820
41825
41826
41835
41838
41855
41875
41893
41895
41905
41913
41920
41928
41932
41937
41943
41943
41955
41967
41980
41999
42002
42002
42010
42011
42012
42020
42038
42050
42061
42064
42070
42084
42088
42089
42096
42131
42133
42185
42188
42194
42200
42212
42223
42256
42259
42266
42282
42287
42290
42302
42329
42337
42343
42348
42355
42365
42371
42374
42390
42391
42413
42441
42463
42478
42481
42496
42507
42511
42514
42515
42516
42518
42524
42541
42547
42551
42558
42568
42569
42577
42592
42598
42601
42612
42622
42630
42655
42655
42656
42656
42658
42661
42685
42692
42699
42704
42722
42727
42732
42740
42740
42745
42749
42766
42773
42775
42776
42779
42804
42806
42817
42821
42821
42825
42826
42838
42852
42874
42877
42892
42908
42912
42945
42950
42951
42963
42971
42976
43009
43018
43026
43046
43056
43060
43079
43090
43103
43106
43109
43126
43131
43149
43165
43177
43177
43178
43187
43196
43223
43224
43230
43247
43249
43250
43264
43268
43272
43277
43279
43281
43286
43287
43287
43310
43311
43319
43339
43348
43354
43356
43365
43372
43379
43381
43408
43416
43422
43433
43438
43441
43443
43453
43472
43485
43498
43504
43507
43515
43531
43539
43539
43539
43545
43549
43575
43578
43589
43593
43611
43625
43636
43640
43648
43672
43682
43689
43703
43708
43720
43721
43726
43730
43740
43774
43780
43807
43863
43868
43877
43880
43886
43886
43887
43896
43907
43928
43936
43959
43977
43979
43985
43995
43999
44003
44015
44016
44016
44020
44026
44033
44052
44072
44073
44079
44103
44107
44115
44123
44125
44135
44138
44147
44153
44164
44165
44173
44178
44181
44184
44192
44193
44199
44201
44220
44228
44229
44237
44246
44260
44267
44270
44291
44291
44297
44334
44336
44337
44396
44411
44413
44427
44443
44450
44451
44453
44462
44471
44472
44477
44489
44505
44507
44510
44514
44517
44524
44525
44533
44536
44540
44563
44577
44582
44601
44611
44618
44627
44640
44642
44669
44671
44672
44673
44691
44699
44708
44713
44724
44733
44733
44734
44734
44749
44752
44760
44760
44786
44789
44801
44805
44817
44819
44823
44824
44847
44851
44858
44860
44867
44870
44914
44938
44939
44946
44959
44966
44981
44994
45003
45005
45005
45024
45040
45045
45060
45064
45074
45081
45082
45090
45102
45107
45115
45117
45125
45191
45210
45230
45234
45240
45247
45252
45271
45286
45334
45335
45343
45350
45352
45381
45394
45406
45419
45434
45435
45472
45485
45492
45503
45505
45505
45515
45522
45530
45545
45547
45549
45555
45565
45577
45581
45611
45656
45666
45670
45678
45691
45695
45711
45715
45720
45724
45725
45754
45764
45765
45776
45779
45799
45834
45834
45841
45851
45870
45875
45875
45879
45883
45894
45897
45900
45915
45917
45919
45926
45932
45941
45944
45950
45956
45978
45982
45987
45987
45989
45991
46017
46026
46027
46037
46039
46042
46059
46073
46081
46082
46088
46102
46103
46104
46105
46112
46128
46134
46137
46151
46211
46225
46228
46236
46247
46261
46262
46271
46286
46288
46297
46318
46332
46340
46341
46366
46387
46402
46412
46424
46444
46462
46467
46479
46487
46507
46524
46541
46568
46574
46578
46598
46600
46604
46606
46609
46617
46619
46631
46653
46656
46662
46675
46675
46677
46694
46695
46709
46714
46717
46718
46724
46725
46730
46733
46735
46737
46738
46751
46762
46779
46785
46813
46814
46848
46850
46896
46896
46906
46914
46915
46915
46916
46918
46921
46929
46929
46941
46942
46946
46950
46953
46958
46967
46970
46976
47010
47012
47016
47029
47031
47040
47043
47079
47083
47093
47100
47131
47145
47190
47194
47222
47225
47231
47245
47249
47273
47277
47294
47322
47329
47341
47355
47355
47360
47369
47381
47388
47390
47399
47403
47406
47422
47423
47469
47478
47480
47482
47491
47500
47506
47507
47526
47546
47551
47562
47565
47573
47577
47579
47594
47603
47620
47641
47644
47650
47658
47662
47663
47677
47690
47702
47709
47719
47737
47738
47740
47741
47746
47759
47767
47781
47781
47804
47811
47837
47847
47850
47880
47883
47883
47887
47897
47904
47906
47908
47908
47911
47923
47939
47941
47943
47943
47952
47970
47978
47983
47993
48044
48049
48052
48071
48083
48087
48087
48090
48091
48111
48136
48137
48138
48139
48152
48154
48164
48172
48178
48189
48192
48196
48216
48220
48223
48230
48248
48257
48292
48304
48343
48343
48363
48366
48377
48379
48382
48387
48399
48400
48406
48424
48436
48439
48453
48464
48480
48485
48489
48503
48514
48526
48530
48543
48563
48576
48615
48617
48630
48634
48641
48651
48683
48688
48714
48731
48735
48745
48746
48803
48805
48838
48850
48861
48865
48883
48884
48889
48899
48903
48906
48916
48928
48931
48935
48937
48950
48950
48957
48957
48968
49020
49030
49055
49072
49073
49078
49080
49092
49096
49099
49114
49115
49147
49167
49193
49204
49207
49222
49224
49244
49266
49267
49270
49277
49283
49296
49300
49303
49304
49308
49315
49316
49331
49333
49338
49350
49355
49379
49383
49406
49406
49408
49416
49432
49435
49440
49444
49446
49446
49448
49450
49460
49474
49479
49486
49525
49526
49565
49571
49572
49577
49592
49594
49603
49610
49613
49621
49621
49720
49725
49728
49752
49768
49783
49809
49821
49828
49835
49850
49856
49867
49868
49870
49874
49876
49876
49877
49887
49891
49900
49904
49909
49922
49927
49951
49959
49969
49979
50009
50021
50036
50052
50056
50057
50062
50081
50106
50112
50119
50123
50132
50168
50169
50171
50181
50184
50191
50216
50216
50238
50265
50267
50269
50278
50290
50298
50310
50310
50317
50324
50339
50346
50357
50359
50363
50366
50367
50372
50381
50384
50389
50391
50400
50425
50425
50426
50436
50436
50458
50473
50484
50487
50505
50523
50527
50552
50559
50576
50579
50598
50600
50605
50606
50609
50614
50622
50635
50667
50669
50684
50685
50692
50700
50706
50716
50721
50733
50747
50752
50765
50771
50790
50791
50791
50794
50815
50816
50826
50834
50837
50854
50867
50873
50883
50883
50893
50917
50924
50928
50932
50943
50943
50952
50967
50994
51004
51007
51012
51023
51044
51051
51072
51081
51099
51106
51111
51136
51140
51154
51155
51158
51183
51225
51226
51229
51249
51253
51258
51269
51270
51278
51300
51336
51337
51366
51375
51381
51392
51404
51406
51416
51432
51434
51438
51447
51448
51451
51472
51501
51504
51504
51525
51551
51562
51565
51571
51571
51581
51588
51612
51616
51619
51621
51670
51675
51679
51710
51723
51724
51740
51750
51758
51768
51770
51774
51778
51799
51827
51836
51850
51854
51855
51859
51863
51877
51884
51887
51887
51890
51914
51922
51926
51943
51946
51948
51960
51968
51969
51978
51979
51986
52012
52074
52084
52089
52100
52103
52110
52140
52188
52192
52195
52201
52206
52212
52215
52237
52239
52241
52246
52248
52262
52265
52271
52290
52304
52326
52333
52334
52349
52369
52389
52389
52392
52398
52426
52428
52429
52429
52443
52443
52444
52445
52448
52455
52456
52477
52493
52494
52520
52531
52539
52553
52557
52560
52571
52572
52583
52585
52601
52628
52632
52673
52674
52707
52730
52732
52732
52756
52762
52788
52806
52811
52816
52864
52881
52883
52894
52903
52910
52934
52944
52954
52955
52977
52979
52999
53000
53024
53026
53032
53044
53054
53057
53071
53083
53109
53148
53149
53155
53156
53160
53162
53164
53193
53196
53218
53224
53240
53246
53256
53257
53272
53285
53289
53291
53296
53306
53340
53340
53355
53377
53378
53384
53391
53391
53406
53418
53431
53437
53460
53462
53472
53486
53492
53511
53519
53531
53548
53550
53554
53557
53559
53574
53575
53585
53592
53593
53598
53612
53647
53648
53653
53719
53724
53725
53756
53763
53775
53786
53794
53807
53812
53812
53821
53836
53839
53859
53860
53884
53887
53906
53921
53928
53931
53937
53944
53972
53999
54011
54013
54016
54024
54028
54030
54042
54050
54055
54064
54070
54078
54080
54086
54099
54104
54109
54117
54118
54145
54168
54175
54177
54178
54178
54180
54187
54206
54236
54249
54254
54255
54270
54289
54289
54298
54305
54313
54318
54345
54352
54353
54356
54367
54368
54378
54391
54440
54451
54451
54462
54464
54529
54533
54535
54535
54539
54560
54578
54580
54586
54590
54595
54598
54601
54603
54606
54660
54664
54676
54681
54688
54702
54738
54744
54750
54754
54765
54783
54785
54858
54860
54860
54870
54883
54899
54908
54922
54931
54945
54945
54950
54957
54961
54963
54970
54977
54982
54986
55000
55005
55009
55010
55024
55026
55059
55079
55085
55089
55094
55099
55126
55136
55136
55158
55163
55167
55168
55185
55199
55202
55208
55218
55240
55241
55247
55305
55313
55328
55337
55341
55366
55378
55378
55380
55380
55397
55421
55438
55446
55447
55481
55481
55487
55490
55493
55518
55529
55536
55545
55563
55566
55575
55578
55580
55585
55615
55618
55619
55650
55680
55695
55695
55742
55755
55761
55788
55795
55808
55856
55858
55873
55883
55891
55924
55933
55938
55948
55961
55971
55981
55999
56003
56004
56012
56030
56038
56043
56048
56055
56056
56057
56061
56111
56112
56126
56129
56139
56148
56161
56168
56207
56208
56212
56225
56232
56261
56269
56276
56278
56323
56338
56354
56362
56370
56375
56390
56417
56422
56441
56456
56457
56458
56463
56469
56495
56504
56513
56519
56520
56529
56533
56535
56552
56559
56588
56603
56611
56616
56618
56621
56628
56662
56672
56682
56696
56715
56729
56729
56736
56736
56738
56739
56760
56764
56785
56797
56803
56805
56808
56809
56810
56829
56838
56854
56856
56857
56861
56870
56883
56900
56904
56920
56968
56984
57002
57007
57010
57022
57034
57049
57064
57067
57068
57107
57109
57119
57119
57133
57137
57146
57150
57150
57151
57152
57169
57185
57193
57196
57218
57229
57235
57250
57260
57260
57274
57277
57278
57286
57292
57303
57323
57344
57347
57377
57383
57390
57391
57395
57403
57405
57408
57412
57427
57442
57442
57455
57465
57488
57490
57503
57549
57553
57556
57567
57594
57596
57601
57629
57634
57649
57653
57672
57675
57677
57689
57693
57709
57714
57718
57726
57726
57730
57742
57757
57759
57774
57782
57790
57824
57828
57830
57845
57862
57864
57867
57873
57881
57882
57887
57894
57895
57934
57946
57956
57957
57967
57974
57974
57985
58002
58003
58024
58029
58036
58059
58069
58075
58078
58082
58083
58113
58145
58150
58178
58185
58187
58188
58237
58238
58255
58263
58265
58284
58292
58308
58313
58315
58343
58346
58347
58351
58355
58365
58365
58368
58374
58377
58380
58383
58399
58401
58417
58419
58439
58450
58467
58479
58482
58484
58484
58487
58491
58500
58517
58526
58527
58529
58541
58564
58572
58596
58597
58597
58611
58612
58616
58621
58630
58631
58642
58649
58678
58679
58683
58684
58697
58727
58744
58756
58778
58799
58803
58811
58819
58824
58825
58827
58833
58846
58851
58856
58874
58884
58889
58906
58907
58912
58935
58955
58987
58996
58998
59020
59022
59029
59059
59066
59072
59077
59096
59098
59109
59116
59143
59153
59161
59175
59191
59194
59200
59202
59233
59234
59236
59239
59239
59241
59256
59267
59268
59284
59289
59307
59313
59317
59318
59319
59329
59329
59330
59339
59341
59349
59357
59363
59365
59390
59419
59420
59424
59428
59433
59453
59455
59462
59471
59475
59480
59500
59516
59522
59534
59542
59548
59551
59553
59558
59562
59568
59588
59622
59653
59656
59656
59665
59677
59681
59690
59691
59695
59702
59704
59708
59709
59718
59724
59739
59746
59765
59769
59773
59778
59804
59820
59830
59844
59851
59858
59867
59879
59881
59895
59911
59911
59928
59932
59950
59967
59970
59978
59979
59980
60006
60020
60021
60021
60023
60028
60028
60028
60036
60039
60040
60052
60061
60064
60097
60104
60105
60140
60163
60163
60172
60183
60191
60195
60250
60263
60269
60272
60275
60290
60323
60328
60333
60335
60349
60358
60376
60401
60407
60424
60439
60444
60446
60457
60464
60473
60493
60522
60527
60588
60593
60606
60607
60615
60615
60637
60646
60677
60679
60685
60712
60728
60736
60740
60757
60761
60773
60774
60789
60832
60856
60857
60863
60875
60908
60922
60935
60945
60947
60950
60956
60968
60977
60993
60998
61002
61042
61050
61053
61054
61063
61064
61083
61093
61103
61115
61122
61162
61165
61179
61201
61207
61231
61258
61264
61266
61273
61281
61287
61300
61302
61305
61307
61319
61319
61326
61328
61344
61353
61353
61359
61370
61372
61395
61399
61402
61402
61403
61412
61424
61439
61440
61441
61442
61444
61450
61450
61461
61477
61482
61488
61499
61501
61524
61525
61537
61545
61555
61571
61574
61577
61579
61621
61626
61640
61650
61654
61659
61664
61667
61690
61710
61722
61743
61761
61764
61765
61769
61777
61789
61792
61792
61826
61828
61845
61850
61851
61854
61896
61904
61905
61911
61912
61916
61936
62007
62009
62009
62016
62039
62044
62053
62082
62085
62102
62125
62125
62133
62150
62157
62164
62169
62181
62184
62185
62200
62210
62237
62244
62251
62254
62258
62274
62278
62283
62293
62295
62299
62319
62326
62330
62330
62338
62346
62353
62364
62366
62369
62385
62394
62405
62427
62429
62462
62467
62476
62481
62486
62491
62516
62525
62533
62534
62554
62556
62564
62591
62597
62603
62609
62609
62621
62625
62648
62666
62676
62701
62738
62740
62741
62751
62767
62771
62783
62789
62794
62801
62805
62832
62833
62842
62862
62875
62881
62885
62895
62908
62931
62948
62957
62958
62961
62964
62965
62988
62989
63000
63033
63034
63039
63047
63073
63116
63117
63123
63128
63128
63133
63141
63143
63153
63156
63157
63179
63189
63193
63231
63235
63237
63243
63270
63274
63274
63295
63311
63327
63328
63336
63341
63374
63376
63382
63389
63391
63391
63392
63394
63395
63398
63418
63449
63454
63454
63465
63473
63481
63498
63515
63543
63553
63562
63566
63569
63573
63573
63578
63585
63589
63616
63618
63620
63623
63627
63633
63634
63637
63647
63650
63654
63656
63662
63666
63669
63674
63678
63683
63687
63691
63693
63715
63763
63765
63772
63777
63788
63792
63794
63798
63809
63816
63825
63827
63840
63841
63844
63847
63849
63852
63855
63870
63871
63888
63890
63899
63912
63920
63923
63941
63948
63970
63976
64011
64012
64023
64039
64109
64110
64122
64129
64142
64149
64151
64175
64178
64179
64194
64195
64196
64196
64199
64204
64208
64212
64221
64229
64242
64248
64258
64296
64304
64310
64321
64322
64325
64326
64337
64355
64366
64382
64404
64422
64434
64438
64443
64470
64476
64483
64492
64504
64530
64543
64545
64549
64550
64562
64563
64604
64623
64627
64665
64671
64722
64751
64752
64760
64782
64793
64802
64808
64833
64836
64848
64849
64854
64871
64915
64935
64936
64947
64959
64964
64966
64976
64983
64993
64994
64996
65001
65010
65016
65033
65054
65085
65097
65128
65160
65162
65202
65202
65211
65213
65215
65226
65241
65248
65261
65272
65280
65281
65281
65286
65300
65324
65327
65344
65367
65371
65380
65421
65423
65424
65444
65452
65463
65484
65488
65511
65512
65521
65523
65534
65536
65546
65547
65547
65561
65572
65577
65579
65591
65608
65618
65624
65629
65638
65648
65650
65656
65670
65679
65689
65690
65697
65711
65718
65726
65735
65771
65781
65783
65785
65786
65817
65821
65834
65835
65838
65857
65863
65864
65876
65893
65903
65912
65917
65935
65942
65949
65954
65956
65959
65978
65982
65989
66001
66004
66012
66040
66065
66073
66074
66095
66099
66100
66111
66113
66150
66160
66161
66165
66195
66204
66211
66245
66250
66258
66264
66265
66275
66290
66290
66297
66299
66304
66310
66332
66344
66349
66355
66378
66384
66389
66398
66426
66434
66489
66494
66494
66507
66508
66510
66514
66516
66540
66550
66550
66551
66564
66580
66586
66588
66603
66627
66634
66643
66646
66647
66649
66676
66679
66694
66695
66708
66735
66739
66740
66767
66772
66772
66776
66779
66787
66800
66814
66824
66845
66848
66857
66861
66866
66874
66882
66890
66898
66924
66926
66930
66958
66968
66972
66983
67014
67032
67041
67044
67053
67076
67082
67083
67094
67097
67141
67152
67159
67164
67168
67182
67188
67195
67210
67210
67212
67221
67227
67239
67253
67261
67284
67285
67311
67320
67331
67335
67338
67354
67354
67356
67356
67367
67378
67379
67385
67396
67399
67404
67423
67426
67436
67462
67463
67471
67474
67484
67488
67492
67508
67517
67524
67534
67538
67560
67565
67599
67616
67618
67642
67656
67656
67669
67670
67691
67694
67696
67699
67705
67714
67728
67764
67774
67787
67790
67795
67810
67814
67856
67857
67861
67862
67863
67863
67867
67871
67882
67882
67912
67917
67918
67930
67940
67945
67946
67957
67965
67966
67968
67971
67974
67989
67995
68000
68013
68015
68019
68023
68026
68036
68051
68055
68061
68062
68068
68087
68103
68109
68114
68120
68135
68136
68166
68176
68182
68186
68196
68200
68206
68208
68209
68224
68242
68273
68283
68299
68330
68338
68364
68378
68384
68402
68405
68413
68427
68435
68437
68446
68450
68461
68464
68479
68490
68492
68493
68495
68499
68504
68510
68510
68512
68515
68518
68524
68527
68537
68538
68569
68576
68603
68637
68652
68657
68685
68689
68695
68709
68719
68737
68745
68752
68776
68778
68785
68797
68815
68843
68856
68887
68892
68909
68912
68915
68926
68931
68952
68969
68970
68972
69012
69039
69044
69061
69074
69094
69100
69104
69114
69136
69138
69149
69150
69165
69166
69202
69205
69206
69231
69234
69234
69237
69252
69259
69267
69267
69276
69283
69284
69287
69296
69314
69321
69343
69346
69369
69370
69378
69380
69386
69393
69394
69403
69411
69413
69419
69426
69427
69428
69459
69461
69467
69476
69480
69489
69491
69500
69523
69551
69552
69555
69557
69578
69584
69586
69597
69601
69612
69625
69634
69635
69639
69655
69655
69655
69666
69668
69671
69673
69678
69681
69683
69686
69693
69694
69697
69707
69736
69744
69759
69769
69772
69785
69795
69803
69810
69814
69830
69847
69853
69859
69868
69896
69901
69907
69929
69960
69996
70009
70012
70018
70026
70026
70030
70077
70085
70102
70111
70119
70121
70139
70162
70174
70180
70197
70202
70204
70251
70254
70255
70264
70268
70269
70272
70278
70287
70293
70309
70312
70322
70324
70325
70342
70359
70417
70423
70498
70501
70516
70517
70519
70519
70526
70535
70550
70553
70560
70561
70568
70572
70574
70574
70579
70602
70609
70616
70623
70656
70659
70672
70675
70690
70692
70708
70733
70733
70756
70766
70767
70767
70771
70795
70805
70811
70815
70841
70844
70857
70885
70886
70898
70908
70930
70931
70936
70939
70953
70968
70983
70986
71005
71013
71016
71022
71038
71043
71065
71069
71076
71089
71120
71128
71139
71143
71153
71162
71167
71192
71198
71217
71218
71238
71239
71240
71249
71253
71260
71267
71281
71300
71302
71321
71326
71342
71347
71380
71381
71388
71403
71404
71407
71422
71427
71476
71476
71497
71520
71530
71531
71533
71552
71557
71601
71602
71609
71609
71617
71618
71630
71632
71635
71643
71644
71647
71696
71697
71706
71714
71715
71719
71731
71752
71756
71760
71776
71779
71797
71813
71825
71838
71844
71873
71885
71886
71904
71905
71906
71913
71942
71947
71947
71955
71957
71992
71992
71996
71999
72027
72030
72084
72088
72104
72118
72128
72129
72134
72136
72138
72153
72157
72159
72161
72161
72183
72192
72195
72211
72212
72218
72224
72236
72256
72263
72285
72310
72313
72324
72325
72328
72349
72365
72369
72369
72392
72395
72401
72407
72424
72430
72432
72433
72438
72442
72448
72448
72450
72452
72455
72468
72469
72480
72488
72496
72497
72507
72509
72523
72524
72541
72541
72543
72545
72545
72570
72571
72578
72583
72585
72595
72595
72642
72645
72648
72657
72662
72674
72712
72729
72744
72755
72767
72769
72792
72806
72819
72832
72862
72886
72911
72912
72913
72921
72926
72927
72927
72942
72945
72947
72957
72960
72964
72967
72969
72974
72993
72998
73007
73013
73032
73034
73040
73049
73054
73068
73072
73073
73085
73096
73098
73104
73108
73110
73131
73134
73135
73153
73165
73177
73179
73192
73200
73212
73214
73221
73224
73230
73248
73261
73269
73319
73341
73357
73357
73357
73377
73379
73380
73396
73401
73401
73402
73407
73426
73448
73457
73467
73472
73506
73525
73567
73576
73608
73617
73631
73646
73665
73665
73668
73670
73685
73692
73705
73705
73707
73716
73726
73731
73731
73732
73732
73734
73744
73754
73755
73764
73768
73771
73780
73782
73796
73812
73817
73824
73847
73853
73862
73874
73875
73884
73890
73905
73915
73932
73945
73953
73956
73961
73968
73972
73979
73980
73994
74010
74016
74044
74061
74067
74074
74095
74112
74112
74113
74119
74137
74144
74147
74167
74176
74179
74180
74184
74185
74206
74214
74227
74247
74249
74256
74261
74272
74283
74290
74307
74312
74320
74331
74343
74345
74351
74353
74370
74377
74395
74395
74421
74426
74448
74473
74478
74479
74481
74487
74498
74504
74525
74543
74552
74556
74579
74585
74600
74612
74682
74685
74686
74696
74725
74727
74728
74744
74750
74777
74785
74798
74803
74804
74810
74852
74854
74857
74868
74874
74887
74892
74899
74903
74915
74915
74937
74946
74967
74995
74998
75006
75008
75012
75024
75029
75032
75035
75073
75118
75124
75134
75145
75168
75178
75184
75185
75187
75191
75192
75192
75193
75195
75201
75202
75204
75227
75245
75249
75328
75371
75374
75374
75376
75379
75385
75409
75411
75450
75474
75481
75483
75499
75524
75534
75545
75547
75555
75567
75574
75583
75586
75595
75599
75600
75601
75602
75603
75629
75632
75634
75638
75641
75651
75690
75705
75705
75710
75710
75711
75712
75713
75716
75718
75726
75742
75752
75767
75770
75776
75786
75790
75799
75800
75801
75845
75851
75870
75879
75899
75906
75910
75930
75932
75940
75944
75947
75968
75973
75983
75984
75999
76026
76027
76034
76037
76038
76064
76066
76068
76114
76133
76143
76165
76175
76175
76175
76197
76230
76232
76233
76240
76243
76247
76250
76254
76254
76276
76280
76323
76327
76342
76350
76357
76365
76384
76386
76405
76408
76424
76428
76428
76430
76435
76438
76439
76443
76444
76450
76455
76484
76508
76516
76517
76527
76539
76551
76551
76567
76569
76578
76597
76620
76628
76646
76681
76683
76698
76702
76710
76712
76721
76722
76751
76759
76762
76765
76791
76801
76803
76814
76818
76827
76830
76838
76857
76884
76888
76923
76941
76942
76957
76988
76989
76990
76994
77011
77017
77029
77029
77066
77067
77076
77090
77097
77101
77104
77113
77143
77153
77169
77175
77176
77177
77205
77230
77234
77251
77262
77274
77301
77321
77341
77345
77373
77401
77430
77442
77445
77461
77470
77499
77519
77525
77534
77538
77540
77572
77575
77601
77605
77612
77623
77637
77640
77641
77648
77655
77681
77683
77685
77689
77707
77715
77715
77726
77729
77735
77736
77745
77752
77765
77766
77775
77777
77784
77796
77798
77806
77811
77827
77839
77844
77845
77848
77859
77861
77871
77871
77873
77876
77876
77887
77905
77905
77907
77918
77930
77933
77945
77960
77961
77966
78022
78027
78047
78061
78062
78105
78109
78120
78120
78125
78134
78147
78147
78147
78164
78167
78180
78180
78182
78189
78190
78193
78196
78197
78200
78206
78222
78227
78237
78244
78252
78266
78290
78314
78320
78324
78336
78345
78357
78385
78399
78416
78416
78418
78435
78452
78455
78473
78476
78477
78493
78502
78506
78514
78520
78524
78528
78535
78547
78560
78565
78579
78580
78584
78590
78592
78597
78603
78608
78611
78626
78632
78650
78653
78663
78664
78669
78670
78673
78675
78675
78683
78684
78688
78701
78704
78718
78736
78739
78746
78767
78777
78789
78792
78797
78809
78813
78842
78843
78853
78890
78904
78910
78926
78945
78960
78967
78970
78972
78974
78982
78993
78996
78997
79013
79020
79027
79028
79041
79044
79048
79063
79082
79129
79131
79138
79154
79158
79181
79192
79196
79212
79223
79239
79248
79260
79262
79265
79271
79273
79291
79306
79307
79310
79329
79340
79347
79360
79365
79379
79387
79390
79394
79399
79413
79418
79430
79461
79468
79472
79479
79483
79485
79507
79514
79519
79538
79554
79557
79579
79586
79587
79604
79606
79627
79629
79663
79667
79678
79684
79694
79702
79720
79732
79762
79798
79806
79820
79831
79832
79853
79867
79868
79872
79886
79887
79926
79929
79940
79963
79986
79991
79993
79995
80005
80009
80021
80026
80028
80031
80047
80051
80053
80063
80068
80074
80091
80100
80121
80137
80151
80151
80156
80158
80168
80189
80192
80203
80209
80215
80233
80246
80249
80251
80253
80262
80263
80288
80290
80300
80302
80306
80310
80333
80362
80364
80368
80410
80420
80425
80428
80463
80486
80527
80543
80563
80564
80568
80599
80614
80619
80622
80625
80632
80634
80643
80662
80682
80693
80696
80699
80703
80704
80741
80746
80751
80766
80777
80777
80778
80800
80801
80808
80817
80832
80834
80848
80859
80876
80876
80878
80886
80894
80906
80910
80912
80923
80964
80969
80973
80985
80995
81000
81015
81024
81028
81037
81040
81044
81049
81058
81072
81080
81093
81100
81109
81112
81133
81148
81150
81166
81171
81184
81195
81197
81213
81218
81219
81249
81250
81251
81253
81284
81286
81289
81316
81325
81331
81331
81337
81338
81339
81367
81376
81380
81394
81414
81415
81417
81426
81453
81465
81468
81492
81498
81506
81542
81570
81587
81591
81596
81598
81598
81603
81609
81609
81610
81622
81631
81638
81675
81679
81680
81713
81724
81729
81737
81740
81775
81793
81799
81800
81804
81809
81809
81818
81825
81829
81832
81837
81843
81844
81846
81873
81897
81898
81908
81917
81918
81920
81939
81944
81991
81994
82004
82006
82036
82053
82062
82074
82094
82097
82103
82107
82129
82133
82147
82148
82164
82169
82172
82174
82191
82196
82198
82200
82203
82220
82231
82232
82235
82250
82258
82264
82269
82270
82273
82280
82281
82297
82298
82298
82335
82335
82338
82342
82347
82364
82365
82375
82397
82407
82416
82430
82439
82448
82493
82500
82500
82515
82531
82538
82547
82547
82570
82575
82585
82586
82591
82602
82609
82644
82650
82655
82670
82672
82674
82683
82697
82697
82700
82700
82727
82733
82734
82735
82738
82751
82752
82753
82766
82772
82783
82788
82797
82811
82815
82822
82843
82849
82864
82866
82881
82889
82894
82894
82901
82911
82914
82947
82948
82954
82958
82962
82968
82987
82992
83022
83024
83032
83042
83047
83057
83059
83064
83084
83114
83122
83128
83134
83134
83138
83141
83155
83170
83174
83177
83180
83189
83203
83209
83233
83233
83234
83237
83238
83246
83254
83258
83260
83266
83304
83306
83312
83326
83329
83335
83344
83354
83386
83393
83402
83414
83415
83426
83436
83445
83447
83454
83464
83474
83477
83498
83508
83511
83515
83521
83551
83572
83599
83604
83609
83611
83621
83634
83678
83693
83728
83742
83744
83745
83762
83766
83793
83812
83833
83840
83869
83895
83899
83902
83906
83920
83929
83933
83934
83941
83953
83958
83962
83966
84002
84012
84039
84039
84048
84049
84062
84080
84082
84086
84121
84126
84140
84150
84177
84177
84217
84219
84232
84245
84259
84282
84292
84297
84300
84307
84310
84329
84336
84338
84343
84344
84346
84347
84347
84356
84362
84363
84364
84374
84379
84385
84419
84440
84443
84464
84466
84485
84493
84522
84543
84551
84555
84555
84557
84562
84575
84581
84589
84590
84597
84613
84615
84627
84646
84648
84650
84654
84662
84686
84701
84733
84736
84741
84759
84770
84774
84783
84785
84801
84811
84822
84833
84835
84838
84842
84865
84876
84879
84889
84903
84909
84910
84917
84929
84978
84988
84989
84989
84994
84994
85018
85023
85037
85039
85042
85055
85061
85079
85088
85090
85103
85106
85111
85112
85114
85128
85155
85158
85160
85165
85176
85182
85186
85186
85187
85201
85211
85220
85231
85237
85240
85253
85253
85268
85295
85306
85307
85308
85315
85325
85337
85354
85359
85371
85376
85382
85388
85394
85396
85404
85431
85436
85441
85455
85469
85482
85493
85508
85514
85521
85530
85553
85555
85567
85578
85581
85605
85605
85613
85614
85623
85637
85661
85670
85676
85677
85679
85683
85689
85701
85706
85708
85748
85754
85756
85760
85762
85762
85768
85776
85787
85789
85789
85814
85827
85834
85861
85861
85885
85910
85918
85927
85939
85962
85976
85977
85981
85981
85989
85991
85993
85994
85995
86003
86007
86027
86033
86043
86064
86065
86068
86079
86079
86082
86088
86116
86146
86147
86149
86160
86171
86175
86180
86181
86201
86207
86232
86242
86269
86270
86273
86274
86277
86283
86304
86323
86326
86358
86378
86394
86402
86405
86425
86469
86472
86473
86481
86497
86510
86548
86558
86560
86562
86568
86569
86574
86592
86596
86597
86610
86614
86619
86628
86631
86631
86646
86647
86659
86673
86680
86684
86685
86710
86711
86713
86713
86729
86731
86739
86760
86783
86784
86796
86807
86816
86822
86827
86841
86852
86885
86900
86913
86914
86942
86952
86958
86978
86993
87008
87011
87034
87060
87063
87066
87071
87073
87104
87111
87114
87125
87166
87171
87172
87194
87215
87216
87223
87228
87229
87243
87246
87276
87288
87288
87291
87296
87302
87310
87328
87335
87338
87361
87363
87365
87369
87389
87395
87400
87410
87433
87433
87435
87454
87461
87512
87529
87532
87582
87632
87634
87640
87651
87672
87675
87681
87687
87697
87704
87711
87715
87715
87717
87737
87747
87801
87805
87819
87833
87833
87834
87837
87838
87870
87878
87884
87887
87892
87919
87936
87937
87942
87947
87951
87952
87963
87964
87991
88007
88013
88022
88025
88029
88032
88047
88050
88050
88058
88066
88067
88081
88090
88090
88112
88115
88121
88133
88147
88187
88212
88235
88242
88251
88264
88267
88293
88296
88329
88330
88339
88340
88346
88348
88363
88366
88369
88375
88388
88390
88408
88428
88432
88444
88456
88471
88477
88490
88496
88496
88502
88509
88512
88514
88531
88542
88576
88588
88593
88594
88604
88606
88616
88618
88619
88622
88636
88636
88638
88653
88658
88686
88698
88732
88751
88764
88765
88776
88796
88812
88825
88831
88864
88870
88871
88872
88878
88883
88888
88890
88894
88903
88913
88915
88917
88918
88942
88957
88959
88960
88960
88973
88976
88980
88988
89014
89036
89037
89089
89091
89098
89141
89152
89153
89162
89172
89180
89185
89186
89188
89191
89194
89198
89201
89202
89205
89210
89222
89232
89258
89272
89278
89334
89336
89350
89359
89367
89376
89379
89383
89394
89412
89425
89426
89427
89428
89449
89453
89476
89487
89518
89520
89560
89582
89583
89590
89614
89618
89626
89635
89647
89662
89664
89677
89687
89692
89697
89722
89728
89735
89773
89775
89781
89786
89801
89802
89802
89808
89838
89839
89842
89847
89848
89850
89852
89876
89914
89917
89920
89951
89956
89958
89963
89968
89991
90007
90012
90022
90024
90029
90053
90055
90056
90059
90063
90067
90071
90072
90073
90090
90094
90102
90115
90122
90125
90140
90148
90159
90162
90175
90183
90205
90213
90214
90221
90239
90240
90265
90265
90280
90285
90308
90323
90329
90329
90343
90359
90366
90373
90373
90396
90396
90400
90431
90465
90465
90479
90480
90496
90499
90536
90538
90542
90556
90564
90579
90585
90590
90603
90607
90608
90634
90641
90654
90670
90671
90681
90703
90726
90726
90742
90742
90754
90757
90765
90797
90797
90798
90802
90803
90821
90822
90833
90837
90848
90854
90879
90890
90893
90897
90900
90901
90906
90908
90909
90914
90932
90941
90960
90991
91005
91007
91033
91051
91052
91052
91058
91066
91079
91095
91099
91117
91156
91171
91179
91195
91198
91215
91221
91231
91249
91256
91256
91258
91263
91291
91304
91320
91320
91330
91340
91362
91365
91376
91387
91393
91403
91415
91428
91433
91461
91469
91470
91471
91483
91483
91509
91521
91522
91525
91526
91548
91548
91555
91555
91556
91565
91568
91574
91581
91583
91585
91600
91604
91610
91617
91648
91663
91667
91698
91706
91745
91747
91767
91772
91779
91783
91783
91838
91839
91847
91865
91866
91884
91885
91903
91912
91915
91924
91942
91943
91945
91978
91983
91995
92010
92021
92027
92030
92034
92040
92045
92069
92070
92098
92127
92135
92138
92150
92162
92171
92182
92187
92197
92198
92199
92224
92230
92242
92248
92248
92291
92297
92297
92306
92314
92324
92325
92330
92338
92341
92350
92350
92368
92369
92384
92402
92408
92431
92462
92464
92470
92479
92481
92498
92513
92526
92529
92561
92568
92577
92592
92609
92611
92612
92616
92623
92628
92647
92648
92661
92670
92678
92679
92680
92710
92718
92725
92727
92737
92760
92780
92783
92786
92800
92801
92810
92810
92812
92821
92854
92859
92861
92880
92882
92886
92888
92891
92899
92899
92903
92907
92920
92922
92931
92970
92977
92987
93002
93004
93008
93020
93021
93033
93052
93053
93060
93062
93063
93065
93082
93089
93099
93117
93163
93170
93209
93210
93218
93221
93228
93237
93239
93248
93264
93269
93272
93278
93293
93293
93303
93309
93313
93315
93358
93368
93376
93385
93402
93404
93416
93437
93451
93470
93474
93488
93492
93498
93515
93515
93517
93529
93539
93545
93551
93553
93558
93560
93563
93563
93572
93593
93596
93597
93603
93611
93616
93616
93618
93620
93632
93647
93654
93654
93665
93674
93695
93701
93709
93717
93723
93725
93749
93755
93768
93782
93788
93793
93802
93806
93834
93835
93835
93836
93866
93869
93896
93906
93928
93931
93951
93962
93963
93968
93975
93976
94001
94002
94023
94027
94028
94029
94030
94047
94049
94049
94052
94059
94072
94104
94126
94129
94135
94136
94140
94153
94157
94162
94176
94180
94192
94213
94214
94225
94226
94236
94251
94261
94281
94299
94322
94327
94332
94334
94352
94368
94375
94376
94381
94397
94422
94422
94429
94430
94459
94459
94465
94467
94468
94472
94478
94481
94483
94535
94541
94565
94568
94577
94599
94607
94624
94652
94655
94659
94662
94668
94674
94677
94685
94689
94701
94714
94728
94736
94744
94781
94787
94792
94794
94810
94814
94818
94824
94829
94830
94847
94853
94879
94896
94896
94899
94900
94901
94929
94935
94956
94971
94985
94985
94996
95017
95032
95048
95049
95057
95062
95064
95083
95088
95090
95094
95103
95114
95118
95122
95125
95143
95150
95160
95167
95167
95175
95189
95191
95193
95249
95250
95265
95273
95278
95293
95296
95316
95322
95330
95350
95365
95386
95389
95390
95391
95416
95420
95432
95438
95451
95483
95490
95496
95496
95507
95531
95547
95547
95556
95570
95576
95578
95591
95598
95605
95614
95621
95623
95625
95629
95639
95642
95645
95655
95658
95660
95662
95667
95672
95672
95681
95691
95692
95695
95704
95720
95730
95736
95743
95746
95788
95812
95829
95844
95850
95855
95857
95877
95888
95890
95895
95897
95900
95901
95987
95989
95998
96027
96058
96060
96063
96086
96087
96113
96125
96129
96130
96144
96151
96152
96152
96163
96167
96186
96196
96204
96206
96222
96239
96244
96248
96252
96261
96271
96285
96292
96321
96325
96336
96351
96355
96386
96388
96402
96422
96423
96428
96430
96441
96446
96449
96455
96457
96466
96467
96468
96472
96476
96542
96545
96547
96549
96562
96584
96593
96595
96598
96603
96608
96614
96648
96652
96653
96653
96660
96663
96675
96688
96703
96716
96721
96722
96726
96729
96730
96778
96781
96790
96802
96808
96823
96841
96842
96846
96848
96855
96867
96874
96885
96886
96896
96904
96919
96924
96927
96941
96975
96981
96983
96992
97001
97020
97028
97034
97074
97080
97086
97110
97112
97144
97167
97169
97172
97193
97200
97203
97207
97224
97246
97252
97259
97264
97265
97274
97283
97319
97322
97322
97341
97354
97368
97372
97390
97401
97411
97420
97432
97433
97459
97463
97483
97485
97491
97497
97499
97523
97556
97559
97566
97568
97568
97570
97578
97584
97591
97598
97608
97623
97634
97641
97651
97675
97703
97713
97717
97725
97728
97735
97744
97751
97784
97784
97785
97789
97790
97791
97797
97800
97807
97810
97817
97821
97824
97826
97828
97851
97867
97870
97919
97925
97931
97943
97948
97951
97953
97954
97962
97966
97977
97991
97998
98004
98023
98027
98030
98036
98047
98071
98074
98080
98083
98094
98096
98108
98111
98111
98127
98138
98146
98153
98155
98158
98166
98173
98177
98183
98189
98192
98194
98207
98211
98235
98238
98270
98283
98299
98312
98330
98332
98354
98357
98384
98401
98404
98407
98409
98421
98440
98447
98449
98466
98499
98520
98524
98535
98571
98580
98581
98583
98589
98596
98602
98606
98619
98622
98640
98660
98661
98678
98687
98713
98717
98728
98738
98749
98770
98776
98781
98783
98787
98814
98829
98829
98838
98843
98854
98881
98895
98908
98916
98917
98932
98938
98939
98939
98952
98969
98971
98984
98992
98994
98998
99017
99046
99068
99069
99076
99105
99140
99140
99151
99151
99165
99166
99169
99185
99207
99219
99225
99226
99251
99287
99294
99333
99349
99367
99378
99379
99393
99408
99418
99422
99429
99436
99446
99455
99467
99468
99475
99479
99508
99511
99516
99538
99546
99566
99580
99584
99600
99604
99605
99607
99608
99626
99628
99633
99647
99670
99674
99679
99685
99688
99689
99694
99714
99751
99761
99768
99771
99821
99844
99847
99848
99853
99857
99872
99889
99894
99900
99930
99930
99937
99938
99945
99947
99948
99965
99975
99980
99988
99991
99996
