5
6
10
21
24
61
76
94
95
100
106
109
109
117
129
134
136
141
181
201
203
205
218
218
224
226
226
231
238
249
254
257
259
274
276
277
286
301
330
332
335
339
339
346
362
374
376
378
386
393
396
398
453
465
469
477
480
481
488
490
494
504
507
508
509
522
528
536
546
548
552
563
570
591
595
623
634
648
653
675
676
685
698
709
721
736
756
757
762
790
806
813
818
824
838
869
896
898
903
912
914
916
928
967
973
982
983
985
994
1002
1006
1030
1036
1042
1053
1060
1094
1100
1105
1112
1117
1119
1133
1134
1143
1146
1160
1178
1186
1194
1197
1202
1220
1222
1222
1251
1264
1265
1285
1303
1332
1347
1349
1357
1362
1387
1397
1402
1406
1410
1423
1443
1446
1448
1451
1458
1464
1523
1523
1525
1531
1535
1537
1540
1553
1560
1589
1629
1641
1650
1663
1677
1685
1695
1720
1726
1728
1749
1757
1761
1761
1771
1775
1789
1797
1823
1826
1831
1841
1842
1857
1860
1868
1884
1888
1893
1898
1908
1912
1925
1927
1938
1939
1945
1948
1959
1974
1991
2024
2024
2040
2044
2050
2069
2069
2082
2112
2122
2123
2125
2133
2137
2153
2166
2171
2174
2175
2181
2185
2187
2192
2196
2205
2210
2210
2220
2225
2230
2232
2237
2239
2248
2250
2293
2300
2301
2321
2354
2373
2374
2377
2387
2392
2410
2411
2433
2446
2454
2456
2457
2466
2480
2484
2489
2503
2508
2538
2544
2568
2582
2582
2590
2591
2601
2609
2621
2628
2641
2649
2660
2676
2720
2728
2728
2735
2757
2758
2769
2773
2774
2783
2784
2791
2809
2818
2818
2827
2840
2847
2869
2879
2880
2888
2909
2913
2932
2955
2972
2995
3030
3036
3039
3048
3055
3059
3062
3068
3073
3077
3095
3102
3103
3114
3124
3132
3135
3142
3148
3152
3164
3172
3174
3179
3191
3206
3217
3218
3222
3271
3284
3310
3323
3348
3355
3385
3392
3392
3394
3397
3397
3398
3416
3419
3423
3431
3442
3467
3468
3476
3483
3484
3486
3493
3495
3504
3517
3532
3548
3561
3563
3567
3570
3571
3592
3608
3621
3624
3637
3637
3654
3666
3666
3672
3685
3694
3706
3711
3715
3717
3728
3734
3751
3768
3775
3780
3783
3791
3797
3804
3807
3839
3842
3874
3885
3896
3923
3941
3946
3955
3959
3961
3971
3985
3997
4011
4017
4021
4026
4038
4045
4064
4065
4065
4069
4086
4100
4103
4106
4110
4116
4134
4135
4151
4154
4179
4204
4228
4233
4236
4245
4246
4252
4255
4266
4273
4277
4309
4317
4322
4333
4334
4359
4365
4372
4378
4391
4400
4407
4407
4438
4457
4462
4469
4470
4492
4496
4503
4524
4524
4537
4538
4542
4546
4556
4560
4564
4569
4576
4589
4618
4620
4625
4629
4632
4639
4646
4657
4661
4714
4721
4722
4732
4749
4766
4774
4774
4799
4804
4811
4819
4832
4839
4854
4869
4886
4889
4916
4932
4943
4953
4954
4954
4955
4965
4971
4990
4994
5015
5015
5031
5038
5052
5053
5056
5063
5064
5076
5084
5091
5105
5108
5109
5121
5140
5153
5161
5163
5166
5166
5169
5181
5186
5189
5191
5194
5198
5208
5222
5240
5247
5276
5277
5286
5293
5296
5307
5323
5323
5323
5337
5340
5347
5351
5378
5382
5429
5432
5437
5441
5454
5456
5458
5464
5464
5470
5470
5471
5482
5497
5499
5506
5525
5543
5545
5554
5556
5571
5591
5602
5611
5632
5635
5643
5654
5655
5667
5697
5705
5708
5709
5716
5716
5740
5786
5802
5806
5812
5817
5839
5850
5864
5874
5876
5884
5892
5900
5904
5939
5940
5944
5946
5965
5997
6006
6009
6014
6017
6076
6077
6077
6084
6088
6100
6104
6118
6121
6140
6141
6150
6152
6181
6195
6215
6227
6234
6240
6245
6256
6266
6288
6296
6299
6301
6316
6319
6327
6333
6354
6366
6386
6387
6399
6401
6417
6418
6441
6451
6453
6455
6463
6463
6479
6489
6492
6502
6516
6522
6526
6568
6604
6609
6610
6643
6647
6669
6674
6675
6689
6710
6718
6719
6730
6744
6754
6758
6774
6784
6808
6812
6819
6821
6831
6857
6865
6866
6872
6897
6903
6906
6924
6939
6946
6955
6963
6970
6978
7017
7019
7029
7035
7046
7055
7065
7068
7081
7085
7088
7091
7102
7129
7142
7151
7197
7212
7223
7229
7231
7253
7280
7289
7290
7293
7306
7315
7316
7346
7379
7397
7399
7406
7408
7413
7420
7422
7425
7441
7442
7444
7449
7453
7460
7461
7479
7487
7494
7508
7510
7515
7533
7536
7558
7574
7600
7604
7606
7621
7623
7627
7628
7638
7643
7644
7650
7662
7667
7672
7682
7686
7686
7700
7724
7731
7733
7738
7754
7757
7757
7780
7782
7792
7795
7804
7805
7816
7821
7842
7845
7854
7878
7883
7903
7910
7948
7952
7963
7983
7994
8001
8022
8024
8024
8031
8045
8050
8052
8076
8100
8103
8103
8104
8105
8111
8146
8148
8166
8182
8207
8216
8254
8258
8263
8273
8275
8281
8285
8301
8344
8347
8347
8417
8442
8444
8453
8453
8457
8459
8475
8506
8518
8519
8520
8539
8550
8557
8565
8569
8575
8606
8610
8616
8617
8625
8627
8636
8649
8650
8690
8694
8701
8702
8705
8705
8733
8760
8762
8792
8793
8797
8811
8828
8868
8875
8878
8884
8903
8930
8930
8942
8951
8974
8989
9003
9010
9013
9018
9025
9032
9035
9037
9040
9045
9050
9050
9054
9063
9068
9079
9105
9109
9118
9133
9159
9178
9194
9199
9199
9201
9201
9223
9231
9236
9244
9250
9267
9269
9276
9287
9288
9292
9292
9303
9342
9344
9354
9355
9370
9370
9386
9393
9400
9418
9419
9445
9445
9445
9461
9465
9470
9470
9476
9479
9481
9493
9504
9509
9521
9528
9529
9538
9540
9573
9578
9579
9607
9625
9638
9641
9656
9669
9671
9676
9679
9748
9761
9762
9784
9788
9788
9818
9844
9862
9886
9887
9904
9925
9955
9956
9973
9980
9997
