2684
4966
8949
7956
5977
1187
8610
3728
2916
1374
7371
4260
3172
4383
3561
8883
9966
8736
8638
887
8723
6105
7165
8006
4256
5437
4466
9813
6479
61
1350
9703
9112
6224
7239
7395
3885
1232
1704
2407
7916
6029
5948
3718
9258
7938
1119
4434
2076
1856
5478
6884
549
8285
2993
2154
236
8294
7274
9699
7381
9440
4312
4092
1814
8201
8364
6282
1473
6936
356
5878
9158
1901
4432
5836
9429
5917
6558
5278
2324
5450
5693
2900
226
2281
4302
7163
5060
7128
2350
2655
4012
6355
1111
3376
7339
4136
18
6035
251
6969
2232
5916
1257
7372
8521
4806
3742
6197
7259
3193
3788
1174
8415
2918
7489
8596
8038
2980
166
8021
1683
5291
98
3958
7293
9795
2374
9991
5086
7320
1020
3568
6821
1589
3336
4324
9361
9792
2618
5935
2377
7902
5658
915
5368
9609
7275
3582
8462
6910
2471
4321
2088
8069
3274
2518
6782
365
5390
2491
1954
527
1794
3098
4711
9726
867
7235
6033
5614
3309
6972
4659
2362
9580
4528
8893
2259
7539
2059
3431
7144
9066
2453
5796
7132
8258
1414
9780
6488
5859
6209
1998
9732
9960
3505
3664
3279
8746
7940
9193
8527
7626
8070
3513
6927
2012
5108
4667
3962
9173
8120
4669
4095
6741
7402
1573
9287
2619
9152
2234
3992
4677
1267
4743
174
6356
6412
1494
1953
6430
8823
7526
6125
6963
3444
9419
2708
5625
362
7055
3186
3518
6635
9684
6090
5320
9776
206
1074
5418
6809
3560
6921
5506
6847
3045
64
5349
4201
3108
5882
8558
1375
1234
3276
3257
9904
641
6601
4454
1486
6134
3902
3909
6862
7659
2970
8730
1978
6398
2682
2870
9463
9559
6812
653
8761
318
9563
3671
8971
3175
6566
5234
3425
3157
5766
8422
462
6640
1000
6546
1026
1164
4650
8090
9375
9992
4923
1446
9612
4420
4300
5184
6338
3353
9215
7894
6682
1717
2245
7007
9700
8677
7873
3132
294
2583
3030
6802
4200
938
2833
4220
9365
9827
4238
6409
7062
9359
6174
5932
6390
301
7765
8781
1907
185
4969
2238
6040
3218
8524
4822
7654
5245
176
5393
6677
4486
4942
5346
4532
3609
1502
4973
7697
846
9425
171
2070
6695
9767
3185
3034
5158
3150
2934
7507
6776
3467
4051
1950
8363
896
1779
2156
7450
4664
4715
7881
2227
7878
8337
8579
4862
5567
5802
4463
956
2240
2349
9346
8240
3022
9248
3346
3033
5110
353
3415
9715
945
834
8286
8811
3235
9835
7992
2043
8237
8493
5268
3242
6886
1643
7784
3512
3101
1268
7120
8812
9047
6168
9657
3438
6852
1810
2693
219
905
3901
6470
7311
9305
1635
3379
5347
8490
6144
703
7358
7924
6981
7813
8672
2529
1985
4623
3584
4545
6363
746
1678
1084
2278
3637
9368
7972
163
8832
3220
9619
4563
287
4760
3622
5051
406
902
4490
205
2981
7994
510
1782
3244
6274
8783
8167
8408
4085
417
394
314
1850
2493
478
3935
3982
8018
1013
2102
8034
7203
7474
7787
8837
7559
224
2376
875
3234
2247
9651
4535
7451
9790
3490
9522
4053
6775
651
1351
1399
9749
1329
3004
2861
5831
854
4469
770
1453
8118
5069
2639
7102
4495
7706
483
2669
8804
1970
5035
7118
4186
9750
3738
2430
7047
5093
5340
3725
9198
8331
3946
1716
2329
4422
9422
2764
674
4438
7522
4980
7650
9877
8119
4674
6679
4609
7487
8036
2561
1381
9123
8133
5029
7148
7013
5759
5240
4117
3522
1571
9562
6623
631
7818
3558
5987
8371
5464
8534
4127
3135
2445
8396
9870
2607
1641
8727
1323
511
235
1285
4334
9251
9480
481
6204
1545
4001
7691
9232
504
3977
530
2793
6050
4241
8813
5361
6873
5491
5761
1266
5552
7713
4772
2771
7740
3856
2614
6072
1891
9554
1172
9739
599
2871
7896
9766
5650
2244
9028
6909
2435
706
5269
5401
1703
5099
9168
6094
5595
2483
2018
8412
5599
7547
9593
9838
913
5131
3241
6842
6188
7504
4333
5581
8221
6680
3688
8213
3916
6617
5487
648
9917
2712
3323
776
3809
8752
3452
1451
5601
90
1024
7288
7009
7085
8759
5202
6568
6022
1605
8262
7139
695
2135
2875
2940
7703
5220
1939
3470
9979
8499
6096
1746
3616
5793
6869
3485
3414
1640
587
6439
1054
667
2461
2443
3751
6730
7876
4941
3670
5049
4369
2164
2947
52
4879
3777
6702
4025
7347
7635
3328
927
490
1853
6641
7178
8456
5591
8426
7945
3015
3113
4768
1028
6715
2209
2606
4295
6075
3468
5170
9174
9861
5989
5616
3032
7158
2869
6077
5454
1762
696
9137
1221
556
7253
1825
8080
7188
7044
8376
4911
190
6966
8856
3421
182
2242
8635
688
8803
7179
7145
8611
2790
6493
8556
2953
857
1359
5854
8092
9698
4517
6716
6621
3932
2027
7359
3023
3515
2352
2989
9447
7541
8928
4901
513
7488
8795
5432
5542
2596
2335
3489
2071
1775
1442
8479
9034
5974
883
9710
3895
8711
692
9127
5435
2291
2549
9307
5953
80
7436
2360
6331
871
730
9637
2645
7612
7220
9758
4886
3472
7361
8350
3048
861
5986
2313
8967
3029
1410
7521
7954
8041
8307
9858
6017
618
7272
9423
9507
5207
4138
3680
634
4935
2077
951
4451
5275
9801
1578
5147
1290
1807
6265
274
8918
1652
5830
5241
2839
456
5592
2231
822
9468
2632
7066
2311
1208
662
3011
9681
5362
8404
4965
2640
6486
1565
9574
2691
2495
9632
1712
2093
2277
5217
3453
6447
5931
6605
7421
5641
1602
7748
4370
5952
4728
5046
8542
9041
3343
7540
8609
6194
4032
8518
7268
6905
8726
6607
1123
8388
5384
6818
1250
1653
1238
1243
120
3783
2534
9660
8211
2739
3456
8153
4807
3520
4612
6774
1896
7681
7904
9829
6535
7006
465
5607
2668
6961
1309
6762
6995
1899
2333
3473
5555
6858
5900
9885
557
258
728
9523
8346
8774
2222
7656
6704
820
7777
5000
2406
4130
1626
7494
5019
6255
1400
4291
9636
882
1434
5648
6400
3075
2351
4391
1725
5480
3815
4038
6916
9107
5873
2897
5172
8767
9285
3764
485
1158
8414
4800
8733
8549
2936
1790
1294
6675
9551
5729
5596
6376
8202
1557
380
5885
9867
1223
725
8297
2701
656
9546
1958
5781
1301
5912
8274
3208
8149
5372
7418
9925
9602
9901
2842
4393
4081
7478
7571
1083
4245
8509
7647
7619
2475
1610
7155
4492
2637
30
4972
5213
6101
3086
5841
780
2316
3445
1317
8994
9974
8859
122
6993
4835
733
2104
6173
1409
1733
6240
8375
7615
5737
8826
9268
1698
1835
7438
6742
6743
3816
6465
8762
7383
5161
5997
2584
6655
13
6684
6509
7151
658
5155
8358
8511
9857
2735
2995
6662
7890
9432
4054
948
5290
7079
8410
3944
71
2138
5142
341
1736
2700
5716
3621
3260
100
1562
3371
7116
9814
2062
8662
2157
8818
7336
638
4970
1845
9332
2727
7245
2400
2334
5112
2634
7454
2312
3295
9617
4898
9210
8946
6720
997
4631
1407
4209
2666
5237
1382
8584
2686
4406
3224
1048
433
4741
7934
2692
6133
2804
5666
3603
4776
4470
92
5007
3464
7307
8915
1438
9862
2028
9666
6414
6397
6428
575
6614
2014
2999
6011
7192
2831
8922
8252
7663
4150
2139
2946
1326
2555
1994
2318
8501
5447
8580
6044
2339
9650
8116
8897
9849
6468
6380
2175
4872
2825
7312
4996
3860
2644
9819
5270
617
508
6031
4866
4593
8369
3335
6589
2323
6639
2434
3057
3388
9831
4915
3543
4679
9350
2511
6673
6189
7011
1411
3450
5985
1642
1951
6504
4634
9095
1982
5875
8715
5963
5808
8597
3103
3161
7630
582
9622
1107
3487
1467
1816
5526
8173
5753
5306
1685
8301
930
8686
2515
5119
7755
3514
2661
6433
9164
6685
472
3576
7430
6578
4518
5211
4047
3311
9833
3225
6386
6036
6796
5667
2127
9711
7150
5321
7613
5679
2391
1154
8278
1961
9874
2948
5962
9866
5499
8729
8778
8067
6813
9909
4021
426
5872
5124
5041
4033
6424
1569
6346
2562
5137
8397
5427
1498
7850
4523
3904
5040
4888
7767
3835
3915
4160
7231
8939
4856
8529
4385
1300
9131
6184
8959
2438
8854
2590
1415
5308
7388
7316
7005
9797
9067
5880
5100
330
8365
434
4814
9753
4820
2485
398
5032
8012
8378
8724
5957
545
9541
2363
307
894
1822
1444
6620
2002
1124
6783
2671
3397
6285
339
816
6881
5563
418
2283
8049
331
4067
72
9548
7326
5404
698
1963
784
2623
3691
2174
8130
5303
6180
3272
3412
3511
1134
8642
7142
7299
6195
6933
682
7605
6078
6030
445
3479
5877
999
5780
2375
1674
6233
8148
9377
3036
8320
6835
4476
5903
5659
4298
9444
3400
2716
2119
1333
6344
5392
1040
2905
4632
1999
3571
2678
9978
2648
7655
1989
5561
9635
7667
3455
1012
2134
6145
8413
2288
3199
386
5405
9973
685
6780
6951
8236
5501
8627
1929
3897
922
9728
884
6419
7325
1673
9529
5310
9579
7573
3092
2943
800
8698
1474
8945
5847
4621
7732
5331
7266
3773
8477
7464
9259
2633
2019
2161
9558
5165
3957
4229
1667
5065
5927
796
7065
9278
2101
952
3858
9421
2914
7317
8507
4455
3395
4218
7830
3245
7943
9344
7978
1284
7242
9631
6875
2011
3496
6370
8523
7466
666
689
5195
1488
9413
1507
134
6912
2925
7569
7169
4415
5292
4141
3889
4060
7632
8447
3681
1770
9403
2401
7038
7152
4761
4841
3411
4704
8690
3553
2387
8115
5494
1101
9072
352
1192
33
5520
5028
42
6523
7975
7618
4583
2630
4502
1495
1328
1131
4142
6477
4629
9682
7095
2082
5350
5443
9374
1996
7538
5160
5955
1258
4144
454
8600
8290
3640
302
6027
8956
2268
6104
4305
8352
5763
7821
7246
6531
1936
5379
225
5219
9181
6817
3983
140
9175
1405
8975
6492
2061
6975
7041
6284
2600
6210
9638
8682
7028
9319
2976
2920
709
7880
2364
1872
4189
2215
133
3166
1931
1596
3567
1911
2786
4617
2250
4780
1179
1371
3271
6749
6953
3072
2155
8093
1858
2852
5819
9048
6732
636
1997
4266
6971
4829
9668
3248
2577
6664
6335
2412
1706
3989
3308
3486
2171
9436
2819
3195
5958
2845
4243
7678
1016
4026
7776
5866
8048
4080
1114
8974
5149
9002
8995
1658
7328
8386
6367
1102
7592
369
8807
4527
32
288
9165
1425
7282
4286
9043
4553
6301
6374
5742
785
5507
1711
2818
8325
4610
7555
9876
9336
2617
5371
4425
8121
4360
3268
9186
1230
2284
783
1481
6997
6055
8495
6671
4368
8526
5691
8847
1168
7701
5850
6772
2829
476
2484
435
9685
4653
9231
8109
3799
8177
5344
5441
265
3000
6047
890
5288
3356
2306
4363
5366
815
28
3037
4107
4356
3378
1938
5357
5364
9644
4285
4700
1732
3846
745
5376
4348
8060
4905
8814
9438
9731
6825
2192
6396
147
1926
2766
1799
94
489
7406
860
8564
4089
8022
3874
6711
7579
8789
97
3044
9442
8990
5697
1612
4205
7581
9276
6521
5271
1010
2389
142
8796
9923
9933
5584
9531
4318
6303
2317
141
7217
9035
2307
547
3064
1681
2168
2260
5856
9989
4010
4436
5858
6822
6608
5175
340
9084
3610
4740
1313
5876
2746
9733
8457
5842
3721
7175
3275
6688
2821
5210
5685
6292
1447
8787
5189
2271
1969
2079
17
533
2792
9545
7668
5457
1106
7707
3387
3491
9566
1496
7788
2812
2169
4424
6945
892
687
2768
5023
1129
4539
4123
9334
5468
8989
9233
3537
8651
3587
937
6243
1701
6526
1935
1195
1558
9738
2340
5849
9725
843
7962
1318
9881
3577
1630
5256
7076
5150
3062
5374
9533
3924
4017
9850
1726
3351
9056
1542
5702
9761
8538
8336
7689
3070
5222
7447
7686
6950
9356
5554
7346
9459
751
6352
7638
6324
3151
2586
3590
6678
3682
2073
4737
8886
7609
2464
1357
1423
193
670
4237
2541
5514
9125
7766
4620
2187
8741
2810
2570
613
833
1949
2166
1846
5312
1544
1120
7257
7196
6381
6928
9191
3270
1071
8671
1947
2636
366
4058
211
643
4672
4016
3614
8379
2100
5710
5280
5959
4037
5675
6501
3459
3686
3608
1139
4072
9446
7465
1039
6960
7018
6128
6312
5980
5334
6855
707
6115
4577
9490
8098
9475
2094
9385
2713
123
6789
3813
4105
864
6574
906
1727
7164
9772
5239
195
2252
5770
1553
4180
3787
5031
6277
1647
9736
2478
8062
8234
2332
4680
7303
6955
4705
5765
965
2591
1047
2929
3559
7078
2354
3627
9962
713
4191
2105
7475
736
3580
2348
1613
5853
794
7029
1477
5905
9098
8451
136
6867
3741
4255
3344
7258
5206
4753
2487
5191
5484
5412
6651
7868
8162
2388
8299
8229
683
5055
158
2297
2210
9189
8625
1019
6326
7556
4417
7737
1240
6659
8794
8260
7174
1885
3049
1697
8063
6498
8964
6599
2597
2382
7289
9338
3477
7022
7409
305
4950
3476
9727
9936
7580
9524
2730
5815
1752
4867
3995
2050
6547
4114
2542
4351
3850
2516
2877
5397
914
4014
2595
644
4644
8321
3881
9281
932
9257
9110
7101
2080
6213
4937
8011
8628
121
9433
2254
9561
9618
7693
247
9520
6642
4319
8882
6872
7768
2738
5186
7505
8948
7848
8380
22
151
4314
4889
3770
8560
9390
528
7461
264
1216
690
279
4171
8277
8110
8894
3768
4863
5123
5276
1307
627
3785
2543
4991
6059
6837
8851
3562
8453
6510
5016
9821
9990
7483
9587
5811
148
7804
7271
7999
2823
8261
3508
8843
7098
7570
7423
764
4658
6121
3206
9396
5762
8852
7970
8305
7719
9900
908
565
1204
7440
5010
3574
870
4197
5525
9113
7809
6537
5129
4254
7557
3146
7575
5590
5329
5618
2894
8189
2983
4804
8327
8184
1159
1581
1038
5613
9965
5066
8166
765
4099
7861
3392
4419
7448
3305
8182
3869
7572
7535
8271
4773
2858
4543
1035
3894
8742
9412
5173
7428
2629
4448
803
6964
9114
66
1138
7823
2927
1356
9804
9594
1634
8485
625
9691
4503
1369
5406
5945
2121
6020
5626
1372
1687
3284
6377
9756
2310
6600
8792
8982
7036
6516
3611
5429
640
2522
7906
2891
2202
5578
7088
8661
3838
9271
2049
9416
8383
119
3861
4538
6861
7523
1580
661
9070
4624
4176
8266
9
3647
6372
6784
5378
7712
4784
6171
8508
3662
8704
6341
8691
5705
738
5180
9770
4294
9136
5929
5730
3564
8232
8347
1863
8760
5430
4655
691
7031
8728
3383
973
8204
8226
7432
7584
4651
7265
2703
2840
5787
8061
3600
1536
6744
8141
1338
9424
8417
6203
4619
1629
8955
5098
409
8244
7853
9484
9773
4596
5476
6219
2402
5775
3981
3836
3007
8613
8637
2414
9411
8145
2881
4958
6979
6141
3675
2932
536
4946
7608
2674
808
989
1224
3699
1632
8463
4444
3541
3963
6350
6520
5627
452
5610
3551
5645
8829
8798
715
8433
5734
9808
9848
614
7942
5579
9869
8075
5838
7919
3899
3111
1651
9967
8938
3422
8935
333
5783
3529
7814
1877
9220
9525
1861
1760
5309
4839
1783
5508
4167
9351
4044
8124
1692
2403
8304
5407
4824
7927
360
8514
3669
2608
7157
8565
8887
385
1281
1370
8806
6120
9842
2285
1229
5497
2641
2132
144
2966
5078
2778
694
590
3216
4762
8448
7715
8747
5322
7323
4908
7087
3667
1085
6349
306
5544
6668
3659
8065
6808
482
2116
2880
995
7127
2903
9283
5176
6917
2163
9145
5179
8593
7230
6214
6452
7130
771
9634
8318
4174
4836
6986
7332
2173
6827
3683
6984
5967
2301
7925
5500
9642
5941
5939
7568
5442
5054
6308
7050
9144
8863
2373
172
4508
2075
825
2063
7798
4710
6457
9993
9856
4169
8587
2033
217
6670
3810
5047
6889
8775
104
4410
9402
8283
8714
5868
3937
3625
9482
8786
2939
573
760
3364
2635
518
4611
372
6155
313
5823
3975
5517
7146
5167
1196
3890
6983
9696
6647
6522
3396
2017
3265
3908
6388
1203
5911
1166
7003
6283
5415
5628
968
5089
1089
9295
7670
1519
2952
6416
525
939
6865
8311
787
8598
3192
6719
5548
6833
3289
4873
5336
898
3930
4775
7060
6700
1977
9415
1437
1549
9589
2507
5260
9603
405
5422
5258
944
6791
9279
3993
469
1809
7001
4899
4673
6815
9665
4890
6361
2479
8834
9284
990
8256
9613
7803
5296
2482
8877
8425
5748
3942
3416
336
9313
3903
6358
8057
1197
1904
9751
5148
4682
4225
6064
3794
2016
1695
8355
7590
6394
6286
6241
3987
6418
7072
1065
5680
4083
9082
3069
4485
1064
9311
5360
3024
5690
335
7819
529
6160
9185
1283
5996
1277
7671
3709
5933
1479
7343
7135
4008
3642
6413
2321
531
1922
6570
2367
799
8342
881
1194
4106
962
1202
1096
8504
6708
897
900
8954
1769
8214
761
3980
6705
9166
4357
8047
5496
8486
9782
4668
1259
6834
3213
93
3557
4416
3954
1421
911
9512
7238
7529
4022
3247
6216
2602
4202
1482
1924
9568
6260
4813
9348
3293
5461
4627
9608
1811
1157
2123
7801
2846
1337
5451
2081
1995
8878
3461
1740
6405
2653
7879
3484
542
3817
7048
2552
3373
2745
4007
5152
1401
2047
830
2419
8284
6998
9169
1188
9130
7234
6739
3090
408
4000
8272
9718
5068
2909
5279
5898
4194
752
9791
7244
1404
9805
8372
1607
5837
3711
5540
5754
8160
9595
8393
7090
5238
5224
9537
5259
2146
5075
6190
1233
9542
3865
5684
929
2158
7627
4005
5395
2537
6545
9013
4491
7676
9572
4934
303
7070
1220
2144
1251
169
5470
2893
4246
6557
8431
5008
3612
35
9916
8641
1541
1210
2526
6497
3152
2530
8997
4190
855
7636
3492
5539
3013
7839
1548
3232
1789
3623
88
8616
1802
7119
3849
4221
6666
1045
5355
7020
3231
832
4215
5634
2267
2705
5343
5085
3114
4964
1272
7912
941
821
3226
8927
1660
84
6342
1327
3991
1747
7184
8225
8171
6761
3607
5433
184
6838
1499
1211
2467
5632
7223
4974
5600
6142
192
804
966
6805
7958
7604
5662
2849
8349
8630
241
2160
4240
6595
4995
9404
9777
5767
8881
2165
3852
3259
3095
9397
5439
6764
7790
5727
1396
7287
2775
2663
7470
7757
1689
9472
3058
9230
8470
2974
1913
8194
2386
2396
5531
3793
562
9538
6555
6393
14
3658
2111
138
985
2449
7980
7805
3819
1193
1764
4854
1044
6305
9343
1867
7593
3727
6320
7965
1358
5867
9915
8846
597
4504
5904
6460
2967
7099
3239
5194
4251
9534
4860
8713
9045
9565
827
532
9453
3442
9139
7752
2280
1521
5557
2006
3974
451
9206
3144
9237
6740
5300
8185
9655
953
5671
7094
8666
8947
4378
5146
6122
8154
6989
9496
7225
8079
6135
9500
8595
512
7781
1311
3919
7898
7496
9245
3618
4714
3619
410
9880
9730
5247
837
4110
3398
2041
1457
4975
8249
7807
1485
6887
2853
4045
1842
5236
6444
9511
9907
3110
1516
9254
9653
8868
1540
8719
3708
3480
6108
1631
4257
9481
3391
2418
7899
2711
862
1742
232
8718
453
221
8208
6273
5670
8849
7851
2328
2758
5025
950
9012
2748
4223
7051
2473
1156
5002
2933
1756
2269
9406
9812
9678
170
260
359
5720
3859
6229
2675
8737
4929
7867
994
5151
2732
3827
1903
5896
3148
8245
593
354
1987
9860
1094
7825
6807
344
8106
4461
6882
7439
3408
6403
1780
4920
5448
2857
2152
2026
3753
9160
5185
3695
9388
1017
8370
8735
4777
4603
3795
2774
9788
1582
1264
3298
4684
1097
4151
5398
2265
558
3375
1132
5769
798
8045
322
256
2057
2397
1225
3297
8306
1237
6429
5799
5533
6541
8678
6353
9428
143
7140
1422
9032
298
5865
7624
7083
3160
7560
3189
4343
4446
3606
4507
3918
8392
7202
5408
9030
6854
6660
8007
8785
5017
7046
7063
8570
5156
4414
8996
3254
616
8902
2309
5516
7509
7121
8623
9159
596
3906
1155
127
1878
6819
5860
1004
285
8644
2442
3282
7389
7416
216
8253
886
6709
7796
7909
3911
4124
8561
3105
1445
4501
289
4480
3589
3868
961
3926
4510
7860
9146
8432
8228
1418
2709
5852
2717
7525
3012
9830
1554
9952
6069
9205
6624
1955
1614
4139
3413
4041
101
879
6785
3127
5984
3663
4181
5094
1898
11
1981
5794
8790
6962
3046
8028
375
5272
9323
6198
718
4978
6514
2975
8993
3190
3102
6669
4781
6687
4868
2627
2913
1320
2115
9815
3628
9201
9448
1801
2305
1574
4595
8649
6877
6193
2456
2704
7907
7951
2474
6712
5991
7385
8326
6250
1218
4738
9352
5214
3535
2201
4542
1231
1412
4733
756
1287
3565
6717
8354
3966
9269
9532
6147
9794
40
6868
3928
9466
2506
8535
4533
3170
1879
9187
6485
4078
6317
3910
9289
1270
5715
7353
8773
5510
368
7808
204
3979
6248
8334
3352
2670
766
9150
1522
8165
3960
9128
7885
849
2423
1650
6162
1199
9713
1664
2248
7344
868
6245
7672
1261
5530
9061
198
1227
414
2508
8816
4843
1745
6427
772
2942
7564
9927
4313
7566
6084
6181
7477
6758
9171
4163
23
196
438
8555
773
4248
3372
5289
5417
4376
2289
4043
5892
6598
2987
6024
9239
4851
2699
208
5154
8341
5824
9694
7392
4524
3978
1806
6006
8265
7739
9675
9540
8567
1056
3112
304
6747
96
6816
65
9399
3736
4249
8203
382
4959
5394
8005
4059
7207
8658
9757
6891
8126
8532
6735
2357
969
2568
5731
411
9302
3953
1493
8003
5204
6538
8303
4513
3523
4971
8438
9809
9296
1389
1523
8936
6056
4828
2958
4129
9418
2145
5426
3082
9080
343
8858
3831
769
6803
4830
2582
5921
491
4601
2458
1741
5482
3377
8137
5103
4367
9062
9515
7086
5523
4987
7835
9569
8082
9604
7254
4678
3792
2024
2052
2994
355
5456
7042
3613
1952
2753
9760
569
6269
1219
4747
1527
9342
1567
1165
7032
3338
5469
7664
3179
9802
7035
6657
7641
9353
1353
3250
9704
3774
4135
5399
7112
3692
8356
8977
2206
6924
8123
1838
5806
7081
5126
1426
507
2799
6536
959
5656
4320
194
6166
9639
5609
1812
5541
3586
8239
3341
3277
6721
4690
8869
1183
5848
3118
6885
3333
9748
2275
2796
234
8603
4817
5721
699
4076
3068
7565
8466
1920
8917
6369
1572
7495
1677
2978
9764
8424
4046
4084
290
5087
8819
1792
56
8441
6146
7913
2801
9327
4039
3215
7363
3249
2172
5502
6540
4467
7394
8322
8158
3031
2855
4449
3893
9162
4441
1705
9722
4338
7797
243
2003
3531
880
9975
4034
988
6259
561
5358
4413
8427
9954
8144
5458
6603
3964
7871
34
9959
9393
9200
1828
9197
2601
6476
7955
1147
4858
3203
6755
2556
180
9355
1077
5906
8279
2489
6494
7064
2532
4349
2249
2034
8712
4821
4569
6019
9875
5660
1207
9672
7351
9913
3501
9132
1657
8520
6585
7
8487
4604
1143
5319
9680
6437
7875
8497
5297
5528
473
1332
9557
7683
4881
7736
1791
3532
5736
3474
8589
9315
4473
4566
1180
7633
9310
7015
1892
9709
671
8873
3697
6109
4204
1050
126
2440
5190
2519
5870
4947
6952
5782
8757
4386
2734
4861
4423
1031
4654
6934
6471
3507
1916
9178
2856
2236
9093
6915
2744
2398
1777
4685
4953
591
727
9455
6770
3163
3696
7824
1403
4687
9288
6922
379
1729
6707
1058
9497
2832
2110
1927
89
9920
3419
9273
5800
9250
9073
6823
1190
7297
987
8506
4561
4989
2038
4853
9701
3877
6560
2261
1772
6777
3779
7976
8102
1734
113
5477
7284
4450
4763
1889
4232
5938
3093
5323
2963
3401
622
8991
6726
729
2359
1617
1125
6070
6384
9474
4355
4928
62
6139
4696
9784
4842
2177
8077
213
4691
1314
4023
6186
9614
4849
2424
5419
7695
4887
3762
9803
639
5115
9567
623
9260
7373
5672
2330
1331
5325
3121
3804
7229
2031
7588
7728
7928
5532
2421
9007
3281
5281
6790
3434
8793
1686
3857
2243
2657
2722
7977
6365
36
2257
6693
431
2988
5550
8780
6806
9958
214
7567
7482
8135
7134
8335
7365
716
6272
2191
543
1112
2977
2502
2696
5979
8530
6628
283
2830
5231
4382
5315
1748
267
347
554
9148
7603
1144
2199
3965
345
5389
6221
8089
4112
168
9226
2603
826
4362
719
2697
739
6099
7561
2865
619
9969
3362
5097
2828
3255
5388
4869
87
3617
8409
7222
227
7484
2325
7648
1645
2844
317
5307
8992
8670
8281
6727
7413
2594
1633
7091
4344
541
8919
364
7842
5553
5316
2372
3129
1897
1860
6644
6524
8366
6309
8665
2533
8015
660
831
16
371
609
8586
2203
5233
8608
629
5604
8275
5703
9864
4562
9647
48
5471
1151
5082
9996
6119
3828
4505
1804
5425
6318
1456
1306
4330
4347
4336
3883
4721
9914
5298
5631
5221
1808
3125
979
4471
5755
2037
3350
4795
2124
7863
3747
3581
8216
3374
3001
6299
2969
6116
2741
155
1260
2767
1278
8531
2896
963
2225
8519
9690
6502
851
4695
7536
6062
4122
27
4642
3854
4102
6039
1914
8929
2788
6810
8550
8192
2454
9944
603
6049
8699
7114
4329
7153
9228
705
9902
5564
1162
6871
7515
7161
9816
3155
9156
75
5807
4015
3534
4121
4214
3967
1215
7554
8329
4366
9844
1424
4735
351
159
5897
3820
1413
6435
8841
1201
6562
2573
5423
8717
7711
7673
4233
5620
4979
2361
9724
2585
4219
1029
1027
5302
2326
5106
3655
5107
5774
9462
1386
6690
8280
6034
2687
6587
5973
6588
110
6829
763
6021
7921
7995
7110
7563
680
6894
9519
4346
802
2824
7553
4195
9578
3009
4774
2107
1081
9774
2990
7806
9628
6298
9263
8134
2550
4506
1584
9648
4196
245
7887
7802
2540
5678
7417
1593
9828
7180
3183
3843
2760
5138
7399
6728
8434
6920
4614
5677
7690
6954
7108
9099
7267
9380
8218
8921
3922
8639
6990
4396
220
5960
8310
6098
7596
6003
1672
468
5101
4269
9863
1624
9982
8968
1061
7104
4108
4766
5711
9597
4335
6511
8122
9575
4161
1398
7248
5545
2185
2032
9984
768
2084
5918
9046
1837
1296
9926
1461
102
4353
7607
6581
840
5798
8932
7054
5738
5515
1763
2817
4554
1869
1849
4702
4497
5226
3503
1599
3524
8111
2898
551
8217
7490
4267
5981
1520
8418
1226
734
4056
6007
6100
6315
5726
1430
8267
2058
9031
9083
9102
4757
6737
4299
8899
3956
8227
2056
1189
59
9262
8693
5162
7429
4387
7261
4477
5431
3180
626
7360
4968
9994
4782
3188
7506
7295
4458
7177
5208
5922
567
460
3201
2432
8248
4400
9457
3316
3943
6417
4706
1830
1354
6658
4827
6454
6383
3592
9940
8907
275
3685
9204
6328
7548
8291
6131
5643
6938
5603
9051
7859
5375
2791
4999
3370
416
9089
4159
9961
1459
1153
7364
9526
5633
3791
7414
3776
4895
5481
3652
9383
8104
3106
2872
925
8585
6615
1534
9896
7756
250
3288
2262
782
4811
3169
8076
3620
3601
3873
9119
538
3051
2048
2622
9932
1252
548
9431
9086
5881
6748
3348
8745
5902
5196
5886
1069
877
6482
2228
6185
7646
6638
6843
6610
9898
4608
654
5490
3829
1160
6860
3526
3003
7660
5232
3941
3173
278
1177
874
6032
3366
5338
5199
2685
255
7093
8842
3812
9721
8025
7499
8125
8449
8848
8612
2488
5359
5580
3790
3028
2150
1815
7113
7023
5034
6082
1895
3948
2547
6207
486
5402
9938
6527
5629
4954
9573
2982
1859
1525
7847
4808
5636
8685
647
8594
2510
9553
3210
6592
9011
2676
9547
4381
7917
3320
5707
3594
6244
589
1515
7844
8502
8078
559
2638
3466
2224
4304
3285
5930
2822
2296
9252
4718
2733
5899
9735
4574
1513
3624
1965
1286
2814
8888
3091
2090
1253
3165
2563
5664
4913
4599
3097
1487
8243
5242
4944
4235
7138
9151
2302
3390
4904
1805
8660
3427
9108
367
8315
9495
1585
200
9317
5200
5820
4488
3765
332
2882
6288
9787
3959
3525
586
5704
3912
4042
7935
4802
1943
132
444
5743
1312
5871
1060
5459
7537
58
8656
8963
1905
4359
9471
7215
4626
8254
4345
5251
2938
6846
6086
9633
2973
4641
4756
1945
4258
3261
7936
4909
5740
8740
8429
5790
3006
5373
5391
2167
9009
6307
8328
1104
4066
6354
2162
1126
2226
9941
9556
8700
2660
2096
7666
1360
423
5862
8333
1335
1568
2751
1529
1142
5797
9389
1235
1440
2923
4303
4739
6275
1345
9235
6734
2935
5414
1023
2276
2592
3463
2298
3251
7562
8654
9956
4818
4435
9024
2148
6573
1297
8898
9391
8292
1191
4395
8970
8288
4660
7510
7751
2470
7734
5080
4961
5651
4657
3668
9592
807
7201
9477
7458
443
6107
3417
7960
10000
3509
9379
9508
8071
7759
9286
7679
1150
2494
5936
6333
3572
4910
5785
9564
7232
8059
6196
8689
1280
5053
7366
3844
8174
9104
7122
3283
4050
4074
3760
4421
5655
6391
506
6001
9752
9246
8131
1141
1988
191
5121
1347
9823
3713
1214
1079
6844
7652
2098
2656
5096
4431
7441
8316
4831
5446
7357
3740
5990
3644
7761
9846
6594
3766
6432
3880
9275
189
9882
5351
4912
6830
5972
592
7971
342
4512
806
5925
9240
1803
5109
152
2180
3677
2020
4724
3050
5018
8403
6404
805
3207
9074
9693
3443
8498
3139
7837
3536
4671
2835
4948
9492
4364
129
6446
7743
2904
6484
7833
701
7205
8458
7865
1067
7518
9060
6752
8999
3406
1140
3229
9769
209
6957
8455
5698
3147
6058
4689
3345
650
759
8197
3853
928
5741
5846
6512
1431
2141
9741
3999
6597
5079
316
3267
6694
6948
7280
4265
6176
3317
8569
7377
8831
5946
635
8230
495
5638
6911
8533
4166
2106
4635
9658
3497
2884
7836
1669
2344
5687
6157
8592
2087
7321
5228
6387
2477
4170
9116
2190
9050
1793
9020
6408
7355
2481
83
1248
7156
4479
3990
5063
9225
8044
7302
1182
9241
652
1960
6593
6976
8821
7084
3299
6464
4027
9382
5772
9985
7210
282
5420
1055
338
9063
8473
7497
8536
2772
6606
9539
9097
145
9320
9820
3076
9509
5081
8679
6507
2341
1130
3038
9209
2922
6002
7520
8027
9470
8861
5163
4317
9615
3517
3931
4004
9886
1530
6251
4187
5370
8353
3227
2867
4116
7514
8500
7027
9747
8914
7071
8513
4636
7269
6153
2492
1015
1001
3716
2137
6151
6368
8269
5816
1148
5888
6935
2476
7182
7401
448
7932
9708
8614
4352
6183
2626
7891
4661
1298
581
4057
3506
5914
1710
6584
7273
5038
3971
9610
9234
8769
5223
5663
8933
9544
7926
7124
5757
9122
4292
7391
5709
3656
2466
8488
2200
4940
2961
8703
6914
3772
1702
1291
7227
8980
3403
4216
1098
8953
2233
9376
2204
6373
9016
5076
7191
6718
3832
3418
407
4207
9267
5141
7897
598
21
8282
6048
6473
2965
6462
1348
6060
6988
1665
1576
3205
8464
6930
5056
6138
2557
4670
7045
320
383
7949
6332
2827
1145
326
1484
812
7452
4433
6256
8522
9333
5027
6434
4686
9291
5050
1800
1433
4521
7993
390
5832
7782
6149
983
6499
732
2862
6097
4845
3432
8978
4048
3837
2007
4625
6067
1115
2436
3429
7870
6974
5909
8046
4751
7335
6321
8020
6515
5015
8207
1105
5462
4637
8551
8892
6753
9891
659
8725
5944
5746
9321
5518
7892
8136
4282
8655
3085
5594
4572
3743
7822
1944
2589
2728
4288
2394
4328
9674
4358
4589
3488
2740
3933
4262
7080
5750
4951
377
5157
7923
5869
7376
9364
2480
8648
2960
1186
3900
2
7611
2720
5436
9300
3818
1818
9939
3949
6008
8680
1670
4630
5383
8770
5036
9922
7059
8764
1034
7930
350
7304
7602
4914
5708
3498
824
1639
4274
7716
850
7617
6771
4697
4211
1062
9324
901
1719
5519
3149
4981
9518
8247
3104
2371
2095
9244
1435
4224
4222
4919
8152
4900
7974
797
9494
3929
6978
8235
3330
5166
179
5386
2404
6745
6231
6795
9981
1894
2499
5606
7662
4788
1583
4688
4217
1761
2535
2221
4903
1676
9357
3194
5713
8359
8844
222
8986
6710
9053
8984
934
9928
458
2605
3262
1757
7131
4594
9640
6091
2452
7981
9968
3950
7542
3887
7574
7292
7982
4765
2848
461
9717
4742
7969
1110
7314
9465
3094
3039
4541
95
8891
4065
8801
3673
515
8394
9010
3081
6863
4927
8143
9401
8845
633
2698
4198
9895
9586
6529
44
3313
7595
3591
6845
395
8032
5688
8692
5045
1249
2118
6798
2246
3495
9207
8573
9889
9605
1971
4930
9806
7143
2890
4992
9906
1563
7826
9216
5022
6513
2887
5380
878
6530
7753
2195
4729
5377
3141
642
6591
936
3833
3552
5333
4278
2725
1976
3635
5216
7485
523
1663
9270
6857
4957
4613
9624
4606
1700
2300
664
5683
357
3384
1608
4443
1383
5717
8510
280
5353
9826
2779
4289
9845
6474
4578
1917
9950
3744
7162
2864
8312
7731
7386
8215
9213
257
1092
9963
594
5277
259
1680
8895
5968
8460
9111
555
3570
77
1175
4997
9503
1005
8026
6445
1566
4465
323
2425
4311
5835
455
6304
4049
3128
8450
2170
9451
8373
5409
9930
7723
2752
6177
7025
1876
3994
4483
6267
9929
1468
731
7166
7717
4770
7296
7181
5113
432
7864
197
7841
2797
6987
8105
9170
8489
6663
9441
916
7599
9049
5403
4683
4665
2437
3660
2383
1324
24
3073
9652
7644
3538
2035
9734
1378
5317
1968
6466
8004
4976
7444
3781
1078
2784
2662
2390
5857
3162
55
6306
9789
2755
2949
6794
5434
6970
7815
5440
1738
5127
3394
4752
6085
6517
8296
8219
777
3921
3657
1908
6483
9843
3386
8231
2769
3573
2815
2463
7252
60
3303
7209
2908
9057
9943
4622
5381
1368
9052
1464
6378
6773
3027
6015
3884
8833
2838
6410
9817
9014
5758
3898
498
9033
1246
9247
8620
5937
1871
215
6892
2237
5511
7024
8212
6637
866
8016
4481
4703
3174
9977
9641
3342
67
2813
8332
3290
4153
3984
7431
3585
7552
7400
8091
2579
7243
1560
7040
9367
7516
178
7625
4771
3945
2130
7211
2253
3327
378
2794
4407
1765
6553
3286
5779
7983
7082
7658
2743
1059
8517
6839
574
5776
7534
4459
4963
6645
984
6824
6888
263
7263
9491
7446
2212
8491
8222
5164
2314
2847
1588
9347
1912
4749
5088
6192
9078
2411
7769
9779
9142
818
2083
4713
3694
1384
2816
6800
1108
9330
6089
6302
7502
4916
8722
2099
2979
4639
1644
4952
7043
8913
239
3734
6991
5062
1355
5132
869
6111
7324
5576
9832
6490
9664
6691
912
4024
6208
1475
5495
2338
2800
3056
2182
7687
2133
6073
5861
6751
1972
7963
6228
7021
5949
5313
1948
9712
2039
1684
6626
5883
2345
7194
946
4263
4579
9878
9437
4403
8151
6202
3019
8640
70
3544
2919
9972
8546
6079
7746
813
5926
2710
5843
3324
7845
270
693
299
9202
7760
1627
3758
8175
2136
6561
2188
8568
1462
9192
4287
9372
9528
9203
7637
9120
2331
4955
4723
7249
7187
1873
3951
9697
4921
8289
7710
5573
2826
4143
3752
358
7903
4111
8916
3315
3545
3875
1933
2303
1033
6900
8687
9987
4011
5568
4759
1037
2719
5153
723
1200
3866
4708
112
7730
3191
6459
3848
2616
8867
6575
6287
585
2097
9055
848
1824
4290
6569
3142
2643
1497
4560
6449
7785
9077
3404
2997
1827
9143
8817
1693
7318
4591
1774
5328
6448
7067
393
5052
3223
8233
1656
8402
139
517
5597
7213
8777
6949
1759
6518
8744
4994
1503
135
2747
7858
108
8179
3755
3178
7256
3566
5965
3704
499
1341
161
4326
9549
991
9325
4052
5044
5786
3256
8187
9322
1018
4857
578
9970
5851
8293
1178
3672
9868
7350
7946
1737
7183
7405
8481
4719
396
2520
8925
4028
7827
7862
2045
942
2754
9953
7141
7911
212
1778
4128
3243
1749
5669
1452
9426
6939
1831
5844
2521
595
3296
284
3083
3678
73
6236
2186
5411
6503
3782
1688
3021
4404
3332
8879
8695
9799
4801
1436
4906
8705
9536
8784
3026
8085
7799
6385
5575
9141
4520
7270
6714
4183
4986
1176
9504
2457
4372
7092
1492
924
6458
6828
6947
5649
9951
8374
7834
4280
5901
7103
9460
7352
4993
3005
1095
2128
7056
3035
252
8636
8313
4522
4557
5005
8142
888
2422
8684
1116
2777
7053
974
2114
6831
577
9768
1330
2673
7137
1217
3646
2065
3588
2593
1063
3615
8391
5337
261
4297
778
2873
5723
2551
5795
5385
9543
5623
8937
3767
9663
4598
6793
8617
3482
7159
1609
2628
391
1788
9341
3830
9301
6127
580
8324
8205
3636
8766
5327
7986
3969
4547
4666
9021
5586
1874
853
5999
7453
4401
2907
4445
6760
3198
2874
1940
7889
6633
503
4848
1590
7811
9366
1046
980
677
7010
8827
4693
397
5345
1620
1832
3528
5665
4932
7503
5472
8420
9163
1262
3363
4864
8436
2108
1714
7629
81
7419
8287
3968
7985
7345
655
2787
571
9550
8382
2571
6294
6126
1713
4283
7840
9015
7327
3808
4155
9582
4494
8896
5587
8107
6967
9759
7519
271
8962
6563
9892
6463
7914
7278
470
2611
8423
230
1420
3138
467
3380
4516
5326
6392
9274
8435
1649
8444
1611
9133
7374
4797
3176
6996
6028
4509
1836
475
4457
6757
9340
2651
7820
6814
3729
6205
3409
7979
1213
3465
5091
7964
6068
2836
6750
9394
8940
1851
3583
7069
3649
810
3449
1025
7154
7501
1209
9478
2251
9036
68
1282
5486
4430
2381
7407
615
8163
1222
5352
4675
5668
7393
4392
7493
2647
6665
2060
4582
9588
2587
6959
3784
8957
4244
5183
7123
47
1090
9601
5305
9810
3120
4616
8474
7684
9464
9115
1032
8395
702
1303
935
2625
6864
5342
2677
7854
5700
5021
774
7762
4883
7621
6689
4134
6613
3145
3318
9873
5348
4273
4090
8748
9227
5640
6290
2409
1925
2241
7900
2054
9371
2517
7764
9454
5243
823
740
334
1480
2984
5140
3706
6582
1471
4778
7190
5512
6395
5001
3629
2046
5077
2022
722
1636
5993
6440
7437
1785
1721
3354
4077
1342
4949
4206
9714
7642
9155
9765
8017
4663
1820
7168
1302
5201
3542
6627
6848
7415
10
8345
7449
6505
6549
4147
2000
6556
6270
6787
3998
4493
2450
2795
6401
1241
5144
3539
2888
7333
7382
949
3314
8545
3337
5976
6347
4945
6293
7422
3961
9865
8295
8701
5111
8681
9879
8739
5092
8552
4165
3633
743
6279
7774
3802
720
7459
9607
3385
9851
5489
3065
8908
926
3010
5083
5084
7362
4062
6137
8998
4234
6756
3888
5527
5294
3939
899
4412
2417
4918
863
177
7665
1419
7533
8387
4188
12
9947
9294
5771
6849
3972
7735
1601
3326
9479
8721
9527
117
4764
8030
8802
4662
2892
2355
7527
7639
4938
2672
7019
6088
8621
7524
6754
3822
1528
3361
6206
5778
9824
3896
865
6907
4731
2416
5116
1690
7291
415
4834
7758
1397
1668
2680
201
628
422
1622
9059
4977
2762
8855
3367
8540
8157
3739
2294
6154
904
1340
9090
5262
755
1890
2604
7068
5227
9671
1900
2279
5970
632
2895
6946
6923
7640
5749
3997
1206
5367
6076
8926
6054
4803
4568
309
5428
5535
6985
7855
6442
2042
7106
967
8799
3548
8377
1295
6038
9400
7170
3369
2337
4791
5752
8428
5248
7017
203
1136
2902
3439
4373
3115
4575
4133
6247
1361
4309
3800
998
2729
8976
7276
2658
2183
2384
9183
6571
2544
711
1465
7390
9092
6874
4103
3099
3806
3325
8738
2319
9783
668
9571
6548
2889
4646
5265
3292
621
3426
8083
560
2069
1946
6340
6625
7379
4310
2399
6280
1490
8988
3661
1228
2621
6674
1694
9439
5574
2380
3294
3825
429
8443
3054
6238
2951
5639
6220
5188
9065
8351
402
9427
1076
6043
9847
7384
6348
5992
4327
7543
9017
370
3745
8857
4210
3202
3730
2004
9686
7631
5689
4793
847
1637
2694
6602
2229
4132
2513
7915
8440
1973
4487
4071
4796
8606
801
3209
2427
1072
7920
8732
7987
3043
5712
7645
3867
7186
125
4894
3002
188
9308
8009
3280
4301
6701
2763
1758
6113
5246
8697
7167
7334
9487
6046
3878
2023
9445
4158
539
6899
4551
1675
5826
5363
3410
1817
1121
1109
6672
6706
6453
5474
964
5562
6841
845
2876
8749
5013
3717
4168
6023
7058
1346
9919
791
5928
8578
9408
1394
2385
7741
9219
5293
3761
982
4482
293
9921
2613
5934
436
2290
9485
3074
8480
8543
6968
7628
5174
6061
8875
8117
992
3493
295
2959
2370
526
20
1821
300
8903
4332
430
6136
5067
7309
5095
2439
2091
4164
3871
6724
6456
4409
7545
6249
5828
6565
8024
9744
6901
8839
5536
2509
5159
9290
6958
349
2985
5577
8633
9420
5253
207
2664
2501
8710
4242
9924
9135
464
6648
4079
6182
6631
3891
4275
4926
564
3300
3340
8791
5139
9887
8183
9303
4736
4615
2559
8398
9450
910
5681
4307
7653
1349
8389
8400
4790
1533
2369
9983
387
85
7147
4428
1941
7189
7149
6820
1551
8694
3266
1137
4075
1093
3650
5014
8716
4792
1619
8340
6902
8667
1731
7846
4468
2565
3925
3927
9100
7729
2378
4571
6013
6932
2015
7097
6944
5894
4323
9335
8909
9997
8050
3246
4091
8930
1621
2142
958
679
7724
3862
835
4179
8950
7251
6878
3679
1448
4917
7193
7984
4426
9999
4442
26
2620
7750
3654
6266
2147
1730
5230
4754
3382
1275
8880
8314
7931
5341
5061
630
9328
4536
202
1393
9221
3462
5039
8199
1915
8298
8186
6178
9019
7473
1127
5612
6977
6253
7370
9884
8401
7480
1575
7426
6005
6866
9157
1966
8002
975
51
9560
4852
2308
2255
5522
6853
8515
7052
7991
1376
1671
6158
4340
1992
9044
9912
9745
8257
3863
7939
2455
5444
9008
5621
7481
8035
7260
1417
8170
3605
1555
8659
940
3008
7435
4055
4069
6045
6656
8683
471
1840
1625
7354
1395
1979
3705
4701
8505
8973
2885
5396
7115
4113
6604
8191
5314
2926
6811
1500
7770
584
2085
4880
4933
1336
5582
8541
9707
2765
8196
4745
9224
2806
6926
6475
3494
5714
494
8452
281
9022
3273
8494
2266
4140
3947
1011
9378
7549
6382
7030
5910
9469
4284
3775
3626
1066
2624
3016
6478
4519
2067
9798
7442
7397
4474
7888
5585
9937
9501
6580
3715
4018
8884
4844
7445
1754
4530
5907
8099
7578
7877
9337
3519
3842
3952
9729
3771
4172
9530
5475
8468
1819
1707
2681
9369
6609
6261
5642
1086
4379
7754
4375
5605
9521
2021
1975
6769
1073
790
7852
7298
5466
5130
3746
4725
7061
8437
6443
8405
5619
1363
9719
3441
1476
3719
1161
7469
1247
2956
5
7780
7586
8103
5059
7610
4884
2514
9349
9118
5283
8178
1319
2368
253
3399
420
3287
5789
2205
8168
9763
7968
4998
788
1723
1854
5954
1512
4193
726
4643
2866
9266
3651
9800
6235
5424
836
419
5282
2803
3549
4276
6000
6375
146
4094
9331
1117
4984
9855
1638
3130
6611
3423
6650
6994
4178
4131
6534
2805
5513
7959
8100
4399
7829
2785
3870
8188
2216
4118
5387
1009
714
6612
8969
2859
7772
4681
5706
1315
4647
8132
501
779
4009
8920
3845
5768
3597
8575
1514
2089
5751
5104
6634
3107
5818
7576
2072
3780
3500
487
3117
7427
2912
7589
9995
4380
7331
3693
7849
4439
8987
3578
6491
3575
5503
2757
5301
8924
6407
7692
748
8270
7199
3233
69
6982
3907
3236
5198
254
9121
1402
9825
1834
2239
9688
8164
5572
186
9596
5947
7726
1483
1391
8155
8547
9199
4832
2707
606
9955
1373
3079
4891
6051
4552
1662
9253
7420
4586
6925
1766
5551
9669
6622
663
1379
8958
218
889
9489
5756
5971
1561
4203
3347
583
2459
229
1880
6289
6438
231
6316
5812
6767
5244
1310
2610
9583
1923
5255
9818
9659
1242
7240
9590
181
9778
4573
9676
712
7952
2393
3454
9147
1524
520
9386
2346
6940
248
4456
57
5719
5978
3458
1439
5827
5254
4270
4962
5178
7226
9577
496
4785
297
5460
4101
2715
9196
3936
1288
6191
8072
4605
1606
789
6254
7973
8161
3393
1844
9407
9363
6733
7869
4722
3291
3789
5181
6103
5602
124
9430
6217
5725
4308
6313
8516
3158
6559
7279
2207
4529
3358
2642
5261
4514
7000
7528
5114
7057
296
2153
2143
3240
4786
2256
678
7705
1598
9005
1427
2258
1491
4960
50
9822
9461
7594
4794
6337
5304
8399
2181
6897
238
4812
9140
6661
2572
9905
3516
6330
8084
9105
6692
5266
8865
9381
838
1937
1967
4748
7330
2548
9039
9087
9716
7674
3041
3976
9149
4498
7745
1587
404
6632
3212
4096
5647
947
9775
6156
6489
9071
412
2649
4361
3707
5250
6577
1531
5182
374
2009
3913
9486
6319
2504
1921
8771
4588
3365
9483
9194
4846
6262
9384
1826
7228
1518
4145
8972
6879
9069
2176
3451
672
6696
2264
5804
6063
9946
4119
5135
3847
6792
5615
8138
1682
8619
6406
337
8367
4709
233
7195
4472
546
7738
8618
8941
2109
240
5889
5764
5212
6263
8943
2928
2944
3712
1771
4727
2523
6850
3602
921
6080
5975
7315
4226
4882
7491
4259
4398
579
8588
9211
2064
8553
8750
157
4956
9513
3471
4342
852
46
3674
1304
6768
8446
5064
4250
9177
4699
6652
2005
5863
3754
9625
1728
3368
4460
9514
842
5784
8528
2524
9737
1654
9326
5057
657
8765
7412
8469
5546
5037
3184
3499
5273
7941
8357
2789
7125
5834
1781
6643
9188
5171
2525
2941
5661
8768
2497
6411
4316
1274
8043
8591
6360
8056
4555
6175
5452
8668
4826
8095
8788
9238
1390
5735
1980
2726
2274
7838
7722
7948
4389
5263
5919
1305
8805
552
2998
3059
6686
1539
6942
5908
8128
4496
4922
246
1387
550
6300
8200
9918
3763
6343
4073
4798
1552
3359
1087
474
7462
3331
6110
2937
5169
54
6083
8139
6246
9190
9124
1316
7471
9723
2405
8604
1352
2013
1408
8702
1051
1506
5197
6018
2282
7778
6129
4838
106
1962
8923
149
6913
9134
919
9329
669
6345
6118
9392
8484
4388
6252
9986
7100
4093
2706
4125
8571
4277
6533
903
4384
8330
9980
3181
3631
3164
3310
4146
310
1864
1511
3302
8835
917
3080
6941
9103
7204
9591
4716
6441
3648
4925
2292
5744
8836
8101
8319
6890
8931
1661
128
2650
3759
8146
6472
2184
1289
8951
920
2322
7492
7472
4789
4148
3214
1586
8273
3088
4019
4268
4447
7319
1478
8097
4720
3446
7455
4769
7322
3714
9236
9004
6227
5617
5521
2066
2196
576
2040
5969
1042
4877
786
7403
5225
9505
9068
4893
6667
6037
1133
3475
8634
3047
8496
2991
6323
6487
3643
8461
9476
2667
8776
9298
4546
9064
4707
2197
9988
8664
9079
4988
8019
8572
1070
6237
1839
4819
421
1550
2808
346
9793
3653
3360
2408
2731
1893
686
2954
6053
8840
8706
8159
7375
5652
3159
8566
4732
8624
5473
3100
891
2444
3814
2750
9243
5354
6586
8181
6016
8344
4325
1720
8419
7828
9387
8647
8554
164
1185
8096
4585
403
3521
2883
3137
5203
5024
7996
3735
1829
4003
3071
9126
9498
9292
3424
9643
4097
8052
5125
4758
1887
3596
4390
2834
9957
4875
7016
4640
2465
4199
6646
3723
5589
7387
909
6092
2051
1299
1334
5011
2950
976
604
4157
6859
4252
493
4590
9576
1118
3430
4907
704
5833
5915
7727
2113
9306
7306
3078
3698
154
1559
2159
7708
9042
4565
3253
9899
8942
4943
6123
9931
3381
3985
424
1068
9535
3690
8210
7479
8381
544
3167
2263
1103
4847
7698
3798
74
5817
1269
7340
3334
308
4484
5682
41
6232
9026
1564
2781
109
427
1743
118
268
9949
6215
2654
1504
5810
7791
8754
4876
45
3579
7286
8906
8622
7905
2053
8482
8876
3168
6167
9025
8960
8688
7700
8910
4602
4648
7908
6896
8467
7398
7843
8890
3171
2811
3238
4499
5449
1847
3153
2737
8074
15
7126
2270
1406
6766
7224
2574
5673
4755
5964
2911
1699
5801
1776
1091
7301
3805
553
6893
8343
5365
5994
1460
5566
7212
7544
957
8830
479
3504
2564
1030
7550
6179
7742
1990
1595
4628
291
3879
2972
5840
3801
3269
1532
9883
1239
276
2578
9088
269
8653
2304
5030
1579
5267
9897
2447
7998
9654
8094
3632
9316
2512
7367
1959
8872
384
4698
3405
2576
2213
3055
3687
3469
6004
4405
5416
1170
1750
8577
2558
2074
262
1212
7133
4236
7508
7866
7396
9888
1597
8000
9488
6779
7341
1377
6117
9743
9085
6898
4185
162
7241
2776
8965
1362
4982
5995
3219
7601
6908
7380
8782
6579
2120
7109
1546
4464
2356
1696
537
3797
1489
5504
8828
5020
8039
8140
2868
7657
5724
4192
8952
91
9101
107
8348
2448
5739
2538
5874
8114
6906
8663
2770
676
9754
6132
3084
9138
5825
2545
4035
7233
4402
505
4013
6170
673
3726
5505
2179
8309
7794
9945
1463
858
8871
2631
3119
442
7221
7247
6
4871
9720
2860
2122
2878
5722
8147
9570
327
6461
3483
514
8001
5177
744
7901
4537
2721
8632
1416
2092
8259
7511
4676
9552
6797
767
6506
1883
7456
3301
5646
3824
1594
7349
8406
9796
6980
5205
5168
8246
1169
8416
1041
4
3230
7929
5895
3018
3355
9616
1618
6519
7160
5543
1365
3131
943
6389
5421
1784
8911
9280
5657
9834
5324
1043
1380
5593
563
9176
8583
5187
8037
519
6450
6904
6010
3307
5311
2742
2690
8308
399
1964
1236
933
8674
5465
2736
2030
4787
8548
2496
2214
3533
572
2569
3389
6654
4228
2272
6564
9811
1797
9195
5732
5143
9702
8808
6212
5252
9339
684
9405
4068
5492
7953
1906
4100
7014
8675
3140
5982
7812
8064
5821
4902
7039
1537
5653
5287
4526
3020
7378
5483
7074
8087
9836
2189
3547
348
605
4006
1767
4581
3204
3428
8602
5803
5467
5400
7810
1934
7694
3826
8576
9911
5611
3306
1942
3938
2343
428
2379
6351
1163
2679
971
1722
1648
4983
5249
8512
5890
8478
9229
7075
9629
2217
1263
9345
7763
3720
6150
4296
8055
8537
9630
9903
2498
3228
2025
8302
9109
9627
3040
4029
9584
8180
8631
6278
8797
2850
5339
1036
2486
7872
996
1786
7725
2702
1604
9677
8317
4173
819
3457
2971
6421
1113
5413
5318
6799
2957
612
1
3304
1006
3133
6880
3807
3349
4726
7338
8657
1986
859
9840
5117
7310
8599
3211
9581
82
4031
4427
8756
7408
1843
3319
8605
2615
3527
9094
7176
7598
5571
8503
1509
3061
5813
7910
8066
6106
5879
173
9129
6543
6362
1547
5192
3841
5694
6876
6455
6676
6329
7262
1868
5773
7786
8224
6130
5193
4061
1956
373
5264
3970
4779
8669
2802
8934
5839
8127
3666
1454
522
8889
3554
3252
2055
361
7337
7614
19
29
5529
43
4087
8323
5624
7606
1508
4924
5299
1255
8615
4374
5791
9871
328
7685
5274
3604
8023
3645
4549
3737
4730
8961
3329
49
111
3756
1322
8866
710
5118
4896
8574
1538
5455
103
9976
8220
1057
4040
893
8900
6826
4638
1293
3510
1957
4339
9683
8472
9309
7577
6095
5777
3641
3109
7793
8544
2395
8439
1003
4931
8800
6590
9304
3876
167
741
7718
7313
608
1321
4559
9395
8860
7651
1385
5498
4154
9255
31
3
4567
4850
4453
6152
624
6258
3864
4531
8058
4534
1099
2441
6508
1910
1292
2315
3437
2219
4656
325
2955
5120
3732
5369
4823
600
8696
2392
4341
9755
8607
266
7771
6722
717
5829
3786
25
7404
9006
7600
2527
9934
2531
7944
970
2554
2536
4592
1279
1862
2129
9076
4306
175
9599
99
4247
53
6268
2782
4840
700
6281
1049
4815
9611
463
321
4478
5637
4892
2001
5630
9293
8014
5686
8263
675
8758
1882
6012
9706
3722
9679
6234
8113
7937
923
7117
7966
5479
8033
4548
2910
9318
4137
4767
9854
447
6583
38
6481
7967
2854
199
3481
1928
5792
2112
5718
6572
5128
9852
9740
2546
9409
6567
6431
9499
1308
7702
3321
5805
3917
7933
2295
7800
6296
3197
7733
1715
6074
5998
2539
9223
6929
2431
3823
4544
2553
9153
742
6102
5745
9091
3639
502
1615
9182
9360
4429
762
3067
466
4870
5335
4580
610
809
8195
7957
5855
1149
1616
2945
4810
7532
2010
6014
5588
7096
8981
4694
602
6636
5524
315
3905
9161
3200
5608
792
7049
7591
8465
931
5956
5699
389
6903
5071
1428
9242
6161
747
9434
6895
1823
3025
7816
9362
4855
5285
6159
7517
2599
8676
324
4576
1173
856
620
223
2366
5760
3440
9167
1718
3550
153
3435
3710
3154
2131
7136
8150
7990
3811
1798
5983
5864
4418
4020
8985
4152
7714
3060
2807
9081
4799
7410
5924
2462
3540
601
6731
6310
8206
8250
5410
6746
6630
1450
4293
4162
1472
6725
5488
8779
5961
8864
4597
7218
3052
7997
7795
3920
439
2068
5235
6239
5058
954
9038
9600
130
9184
7486
457
4175
9786
1724
1666
7699
5560
6496
4354
8088
3757
8251
8268
993
2798
6736
8601
4271
1848
9646
3840
7348
2198
3986
4558
4746
2472
3892
960
986
1100
1276
6943
8905
7433
1909
6200
6187
4208
286
7857
1455
8300
1755
156
3988
9662
6201
9606
4607
6937
872
4322
873
5644
4452
363
2761
9435
795
4337
7817
2930
4371
1902
697
6544
3156
7649
1753
7884
4086
8053
6163
6291
5701
2103
2327
3063
793
2287
6357
2420
5966
6713
5105
2695
9585
9621
9493
4377
1623
3196
8223
2358
1344
2996
566
5453
7988
2783
4649
3703
8442
9670
3278
2566
2931
3357
4556
7512
516
735
4878
2724
9373
9998
3701
6230
4115
5134
9414
6364
3973
242
4874
681
5884
7457
5382
8459
9214
2915
6066
4126
9018
7283
1082
1526
4182
6172
2490
4261
6870
449
6336
7634
2286
4865
7171
5583
8652
1052
9272
7129
4936
1691
5733
9265
6697
6840
1679
4177
6919
6786
5145
7111
8339
1388
8
1146
9297
535
6399
4750
3882
1122
8255
1469
9117
9473
4394
8112
9172
5788
7947
3821
7173
7669
7721
895
5923
4227
1366
3122
2469
8360
4825
3731
6420
4570
7622
446
4816
1795
3042
5026
4885
2223
4002
7342
1739
3665
1244
1343
1744
2468
5556
4525
5074
6423
477
2809
3014
7950
1888
3402
7214
5534
2503
9948
1886
7281
7290
2208
6359
4350
3530
7585
7677
9781
9762
8809
8734
7294
8241
1008
2567
8901
244
4030
5286
4939
6992
7277
5558
5122
5942
841
9689
2428
7587
7012
6729
484
4281
2347
114
7675
8051
9277
273
8755
6071
2220
7583
3556
5598
2580
6164
7002
459
8646
2178
7688
7747
7893
3264
6832
6931
6065
4440
7720
4897
150
1655
1865
6576
9249
2336
8753
497
4489
9443
5822
8743
781
5565
4500
2588
7468
9261
1392
1974
2218
9001
9506
6422
6143
1841
9180
6500
7643
63
9742
9027
2413
8193
645
1866
2410
749
2612
392
1875
2528
9942
3116
1470
277
8650
607
5009
3638
4120
6918
6211
3053
7831
2193
7513
1857
5913
7425
5547
6057
9449
3433
1014
708
6334
7582
8407
7443
4618
8421
312
4088
9106
5003
7285
1646
7874
7237
8751
8031
2924
8108
78
7198
7305
7546
1432
1556
105
2575
1855
3595
376
8874
817
6379
2773
8338
8850
7783
5696
6114
4331
8169
7883
649
1603
37
1245
1254
6322
2843
588
1135
8590
1458
829
3546
2433
3839
3177
3136
6550
4587
9058
6264
7886
9894
8763
1198
7208
6112
5891
8983
540
6081
1919
8629
8471
3077
8368
7219
1022
6169
2353
8361
6295
521
5463
8772
3955
8720
8086
9456
5676
3143
9040
2659
1429
2968
2851
3914
757
4082
79
754
7551
9354
4070
8209
2211
2652
4645
5330
1152
9935
6451
5845
3258
2320
6436
311
8581
2718
292
5695
8944
2598
5940
6314
2460
9410
6425
2429
7704
388
1881
2921
39
2426
611
9398
5209
2646
907
4783
4064
7197
1271
9458
480
8904
9037
9645
2749
6542
6297
5654
9661
637
1256
2273
1273
7531
9179
7922
3448
7077
3237
5070
7033
4859
7882
3460
6698
3934
977
7530
1813
160
1751
9908
4231
9839
1007
1591
8870
6552
8673
8557
1265
492
9964
4837
7107
6956
844
7200
1080
86
6525
9673
5072
753
7250
8390
8709
6738
8731
9893
4109
5493
3778
8475
5043
6495
2117
7356
8068
6339
5229
3796
9510
4397
4475
8563
9746
8885
8559
425
237
488
5042
4437
2759
450
1075
1708
7460
2560
6653
7749
3420
4264
5570
6723
3749
3182
4805
7616
3634
1021
6699
187
3834
6311
7680
6052
4462
9452
3700
1918
524
8129
3803
9771
1709
5215
5048
3855
750
7300
7832
4717
1543
1870
440
3217
4809
5073
1577
5728
3263
9516
7026
3322
775
6649
4652
5485
2714
4967
3630
3569
9695
8815
9029
8645
5893
4550
5257
8081
4540
1367
3886
3599
2008
9910
6973
6619
6539
6165
1991
2235
7775
8810
9154
4564
9517
5809
7467
7744
9971
7476
3134
7779
3676
6528
6480
7424
6763
3187
7895
9656
8411
8385
7918
137
7463
6124
1466
2125
3923
1932
1510
9023
2299
3724
6836
8562
4365
8073
381
1053
8013
814
8822
1592
4213
116
9649
8582
8476
2756
7089
4272
5747
2899
2500
5692
7329
5538
6140
4990
8172
5988
1501
3502
2683
5509
7105
9314
7500
5006
8838
955
5218
2581
2780
7008
6703
5438
5559
7004
2029
4315
3222
8825
3702
9859
6199
4184
9218
9623
1517
9208
183
1325
3733
8626
6426
3996
828
4408
3750
5133
1735
2962
6999
165
9620
6222
2293
3689
7989
4744
8242
5920
8643
1339
1002
5004
6366
131
2149
6148
1441
9075
210
9853
3563
1171
6681
8483
76
4239
9264
5356
9217
4985
6223
1930
1984
9003
9358
2126
3096
3126
665
7620
8820
9467
6042
5332
3407
2044
2820
4584
885
9502
5033
9841
2365
6851
1449
3339
4098
1088
981
4411
1773
9312
6271
5445
2446
6616
7236
9807
5284
6325
4633
8430
8966
8238
570
4279
9785
6765
8979
1443
6781
1535
6025
1983
3598
7623
9667
2609
6629
7255
2901
9054
7498
7597
6093
4230
2451
811
9256
8198
5295
8264
2665
7792
1628
6467
6218
7696
6327
228
6618
2086
6801
5814
9890
8362
4149
8708
3066
6883
6371
2723
918
7206
2688
9299
5136
1570
9096
9692
3593
7961
6532
3221
8853
8042
9417
5951
5943
3851
3312
1993
1128
7034
249
5674
6596
7789
7369
1659
1184
7308
9370
6225
7073
2964
1852
5635
7661
3555
4833
8040
6402
2837
400
3087
6026
9212
8384
9598
3124
2689
1796
7368
7682
1505
2415
4253
4156
1181
8539
6965
8862
6257
6087
3940
4515
2986
4212
6415
568
2992
6551
4734
6856
8008
5622
9555
2342
7856
8445
413
7037
2151
9222
1364
8525
6554
5549
4063
3748
1787
7264
1600
3769
1205
2863
9837
3684
3123
2505
509
7558
4104
9705
9626
2906
7709
724
5537
6009
8010
9000
500
5569
3017
319
8824
9872
2036
646
2194
2078
4712
437
3089
6276
7434
2917
876
329
8190
9282
7216
8029
115
8454
8054
6469
737
441
8492
4692
6242
7411
4600
4036
978
6226
1167
3447
6778
6041
5012
7185
7773
2886
5090
6759
2230
5102
1884
2879
1833
534
8176
2140
272
401
6683
8156
4511
6804
5887
2841
9687
3872
3436
972
8276
7172
5950
839
3478
8912
6788
721
1768
8707
758
