3
4
9
27
64
69
79
80
92
99
107
115
138
144
163
168
168
189
189
196
246
250
262
270
278
295
299
319
322
332
332
335
338
369
407
408
409
425
442
457
463
466
473
508
536
537
554
554
555
556
558
560
598
639
639
641
643
649
676
693
726
733
745
793
802
810
814
818
832
835
856
863
864
873
894
897
916
933
935
971
971
972
975
987
1011
1029
1030
1049
1052
1052
1073
1102
1104
1105
1131
1150
1152
1159
1175
1181
1186
1193
1198
1205
1217
1227
1227
1237
1240
1248
1256
1259
1259
1273
1286
1293
1304
1311
1330
1347
1357
1358
1366
1369
1371
1390
1396
1410
1426
1439
1441
1456
1465
1468
1469
1474
1476
1487
1492
1562
1581
1583
1587
1589
1601
1636
1637
1642
1645
1652
1665
1666
1672
1678
1682
1685
1721
1721
1727
1774
1776
1780
1782
1784
1806
1811
1823
1846
1864
1867
1873
1874
1881
1882
1889
1891
1897
1901
1905
1919
1922
1923
1934
1959
1966
1982
2004
2020
2033
2039
2040
2043
2074
2079
2094
2096
2116
2131
2147
2147
2184
2198
2205
2229
2251
2255
2270
2277
2285
2291
2297
2308
2309
2311
2349
2374
2382
2390
2412
2414
2416
2417
2424
2428
2431
2455
2471
2482
2484
2485
2493
2498
2517
2521
2528
2534
2559
2564
2575
2583
2583
2590
2598
2602
2604
2621
2624
2630
2634
2645
2664
2684
2696
2715
2726
2727
2737
2741
2745
2745
2755
2771
2800
2807
2809
2819
2827
2836
2836
2854
2860
2870
2875
2880
2885
2885
2885
2943
2950
2964
2965
2980
2988
2997
2997
3015
3040
3045
3051
3059
3060
3061
3069
3070
3072
3098
3117
3136
3144
3154
3157
3157
3172
3184
3200
3206
3221
3244
3244
3256
3265
3269
3271
3272
3287
3290
3290
3308
3314
3322
3326
3338
3351
3353
3353
3357
3362
3369
3384
3397
3406
3422
3432
3465
3474
3480
3489
3518
3526
3530
3540
3545
3548
3557
3577
3582
3596
3637
3638
3668
3681
3693
3696
3701
3702
3707
3712
3726
3753
3753
3763
3764
3767
3779
3789
3789
3799
3807
3812
3814
3823
3840
3852
3855
3872
3878
3892
3903
3903
3911
3912
3915
3918
3920
3931
3941
3951
3975
3986
3990
3993
3998
4015
4016
4040
4048
4066
4067
4070
4092
4093
4112
4145
4146
4147
4156
4173
4196
4202
4229
4237
4238
4246
4255
4267
4273
4277
4289
4302
4315
4321
4331
4340
4341
4351
4355
4356
4403
4421
4422
4426
4437
4440
4445
4446
4453
4466
4474
4474
4475
4491
4492
4494
4503
4505
4541
4556
4567
4580
4584
4588
4596
4607
4618
4630
4647
4659
4666
4687
4691
4701
4706
4712
4717
4719
4751
4753
4768
4779
4798
4798
4804
4813
4830
4834
4845
4856
4877
4879
4893
4894
4899
4932
4939
4939
4955
4955
4956
4988
4995
5003
5006
5019
5029
5031
5043
5045
5060
5062
5065
5077
5094
5110
5126
5133
5134
5146
5151
5194
5211
5212
5223
5231
5244
5251
5259
5262
5266
5268
5277
5291
5293
5314
5315
5333
5334
5339
5339
5346
5348
5358
5360
5372
5375
5378
5379
5391
5402
5410
5427
5433
5436
5448
5459
5473
5475
5480
5480
5482
5487
5504
5512
5518
5519
5525
5539
5550
5552
5562
5590
5600
5611
5616
5623
5635
5650
5657
5672
5684
5711
5712
5722
5748
5750
5753
5754
5757
5768
5769
5777
5778
5792
5797
5800
5801
5827
5844
5867
5909
5916
5928
5958
5984
5991
5994
6018
6036
6054
6061
6061
6066
6093
6099
6100
6126
6149
6159
6168
6170
6182
6183
6209
6244
6255
6266
6269
6269
6272
6287
6298
6310
6334
6347
6362
6372
6373
6380
6398
6398
6405
6418
6434
6449
6455
6457
6460
6461
6473
6525
6526
6534
6542
6551
6566
6574
6594
6613
6616
6628
6674
6680
6688
6690
6690
6722
6726
6730
6739
6740
6743
6757
6758
6765
6765
6772
6773
6800
6860
6866
6876
6891
6894
6895
6898
6899
6901
6906
6907
6913
6919
6925
6931
6947
6952
6953
6955
6966
6997
6999
6999
7006
7007
7010
7010
7011
7034
7038
7049
7053
7055
7063
7063
7074
7103
7104
7111
7128
7141
7145
7149
7159
7171
7175
7176
7181
7185
7199
7248
7249
7253
7254
7286
7322
7324
7333
7372
7380
7389
7405
7425
7426
7428
7432
7432
7433
7435
7460
7467
7468
7470
7476
7501
7504
7523
7541
7578
7584
7612
7613
7622
7624
7668
7670
7677
7678
7678
7693
7699
7705
7717
7723
7730
7739
7746
7756
7777
7782
7792
7796
7832
7842
7843
7846
7849
7852
7862
7881
7882
7890
7916
7918
7922
7939
7943
7946
7951
7955
7973
7994
7997
7998
8002
8003
8013
8020
8028
8035
8061
8061
8079
8082
8092
8095
8105
8115
8126
8144
8152
8159
8169
8179
8192
8228
8230
8240
8244
8251
8266
8270
8273
8276
8284
8291
8320
8324
8340
8341
8346
8358
8360
8362
8380
8387
8389
8390
8412
8423
8429
8478
8479
8485
8493
8511
8519
8527
8531
8540
8541
8546
8546
8553
8566
8574
8617
8618
8620
8622
8623
8635
8638
8639
8652
8659
8678
8679
8682
8690
8700
8706
8710
8719
8755
8773
8789
8800
8809
8813
8816
8818
8836
8851
8863
8868
8878
8881
8883
8888
8893
8924
8925
8927
8928
8941
8941
8978
9000
9002
9011
9012
9016
9017
9028
9031
9037
9042
9048
9066
9068
9072
9085
9115
9117
9118
9119
9121
9141
9150
9154
9160
9162
9176
9178
9206
9238
9244
9247
9265
9281
9287
9293
9307
9310
9319
9324
9331
9336
9341
9343
9353
9362
9374
9376
9384
9392
9394
9424
9431
9433
9436
9441
9442
9444
9493
9511
9521
9542
9556
9575
9584
9590
9595
9614
9615
9647
9665
9668
9672
9684
9720
9724
9730
9737
9760
9769
9770
9793
9818
9830
9857
9866
9870
9912
9925
9928
9945
9975
9988
9992
9992
9997
10001
10015
10022
10031
10036
10047
10049
10057
10075
10100
10127
10127
10134
10138
10165
10176
10180
10186
10211
10216
10243
10252
10259
10273
10278
10278
10322
10325
10346
10370
10377
10379
10380
10392
10393
10396
10408
10425
10443
10464
10471
10472
10478
10491
10498
10501
10504
10510
10527
10529
10546
10546
10576
10576
10579
10579
10600
10640
10648
10649
10659
10673
10674
10688
10721
10722
10722
10729
10729
10738
10761
10775
10781
10787
10796
10821
10840
10846
10865
10875
10878
10896
10902
10941
10948
10977
10987
10988
10994
11007
11009
11010
11020
11020
11022
11026
11029
11039
11049
11068
11086
11107
11125
11127
11142
11147
11150
11153
11161
11170
11177
11187
11192
11202
11220
11222
11230
11234
11248
11253
11256
11261
11269
11277
11280
11281
11287
11288
11307
11308
11333
11347
11367
11370
11374
11393
11395
11415
11423
11427
11435
11453
11488
11515
11517
11518
11518
11519
11534
11544
11554
11555
11555
11562
11579
11580
11628
11636
11637
11662
11668
11669
11671
11682
11700
11703
11714
11719
11723
11742
11780
11821
11835
11836
11840
11843
11848
11852
11861
11862
11863
11868
11882
11885
11889
11910
11915
11932
11942
11946
11961
11963
11965
11982
12000
12002
12009
12009
12013
12019
12037
12045
12053
12068
12076
12077
12086
12089
12096
12102
12109
12118
12128
12140
12148
12152
12179
12204
12212
12224
12231
12244
12249
12261
12268
12272
12279
12280
12296
12314
12327
12329
12343
12344
12351
12358
12378
12389
12399
12403
12408
12416
12424
12437
12447
12456
12457
12462
12483
12484
12487
12488
12507
12517
12517
12521
12533
12534
12536
12537
12559
12582
12591
12605
12614
12617
12623
12629
12638
12641
12660
12662
12671
12674
12698
12703
12734
12737
12741
12770
12787
12789
12802
12805
12830
12856
12856
12864
12876
12876
12877
12881
12882
12884
12891
12892
12895
12948
12957
12958
13001
13004
13006
13013
13014
13054
13060
13076
13098
13099
13099
13102
13113
13114
13116
13142
13158
13170
13170
13177
13181
13188
13199
13200
13201
13202
13206
13221
13225
13226
13241
13247
13250
13263
13265
13265
13271
13273
13274
13278
13289
13311
13314
13315
13320
13333
13335
13337
13344
13346
13362
13363
13372
13374
13379
13385
13412
13425
13443
13500
13501
13515
13515
13520
13542
13551
13560
13561
13568
13586
13588
13593
13594
13603
13609
13610
13621
13621
13624
13629
13633
13634
13657
13661
13682
13690
13691
13692
13696
13710
13714
13719
13725
13735
13745
13751
13757
13777
13791
13792
13799
13806
13813
13817
13823
13823
13832
13858
13877
13887
13950
13955
13970
13983
13997
13998
14000
14047
14049
14057
14066
14072
14090
14096
14111
14115
14123
14127
14127
14140
14143
14144
14154
14163
14165
14187
14190
14193
14224
14226
14234
14237
14238
14294
14301
14301
14303
14305
14307
14313
14313
14328
14329
14334
14354
14355
14365
14373
14376
14387
14406
14412
14424
14435
14456
14461
14473
14510
14512
14515
14516
14522
14525
14529
14543
14546
14581
14581
14585
14594
14597
14603
14623
14625
14633
14634
14654
14659
14659
14672
14680
14683
14693
14715
14717
14746
14750
14761
14763
14772
14774
14783
14799
14812
14851
14865
14881
14889
14895
14913
14915
14933
14954
14961
14962
14966
14967
14975
14981
14983
14990
15013
15045
15053
15061
15075
15084
15096
15099
15100
15104
15104
15121
15124
15125
15128
15129
15131
15143
15165
15191
15192
15227
15236
15243
15246
15254
15259
15260
15260
15268
15287
15300
15302
15308
15311
15312
15324
15350
15357
15367
15376
15420
15423
15434
15447
15449
15471
15477
15492
15494
15507
15517
15518
15529
15537
15542
15569
15575
15592
15598
15618
15627
15630
15634
15644
15654
15674
15696
15703
15713
15718
15720
15753
15769
15780
15780
15785
15795
15798
15818
15831
15834
15835
15840
15843
15867
15868
15868
15888
15890
15907
15908
15909
15911
15919
15923
15927
15933
15945
15980
15984
15985
15986
15987
15992
16018
16019
16029
16047
16051
16054
16075
16079
16090
16098
16099
16129
16133
16134
16142
16166
16172
16175
16181
16185
16198
16201
16212
16212
16215
16218
16219
16227
16234
16247
16264
16273
16276
16287
16305
16307
16312
16318
16320
16339
16341
16354
16356
16361
16383
16394
16396
16402
16413
16429
16430
16441
16442
16468
16473
16493
16493
16495
16513
16521
16526
16546
16567
16570
16580
16584
16613
16632
16642
16649
16658
16667
16669
16702
16704
16707
16708
16718
16739
16745
16748
16753
16754
16781
16789
16792
16792
16796
16803
16805
16811
16813
16821
16831
16842
16843
16851
16866
16872
16884
16890
16903
16913
16951
16957
16963
16968
16982
16985
16996
17000
17007
17019
17036
17037
17046
17052
17057
17073
17074
17078
17111
17120
17123
17129
17139
17144
17149
17164
17175
17176
17185
17186
17192
17201
17211
17212
17219
17220
17233
17263
17274
17274
17275
17278
17281
17307
17310
17314
17316
17322
17326
17366
17369
17373
17392
17403
17421
17445
17462
17464
17468
17473
17476
17482
17495
17520
17529
17532
17553
17565
17572
17573
17584
17585
17595
17605
17627
17634
17665
17669
17692
17717
17722
17784
17790
17799
17803
17807
17818
17824
17843
17847
17851
17852
17857
17862
17865
17866
17879
17880
17880
17889
17902
17919
17924
17928
17936
17937
17956
17958
17968
17976
17982
17996
18008
18022
18039
18054
18058
18079
18099
18106
18119
18124
18136
18145
18152
18160
18167
18193
18195
18216
18216
18218
18220
18242
18248
18271
18272
18276
18278
18282
18286
18288
18288
18303
18315
18320
18334
18339
18352
18363
18378
18380
18389
18409
18416
18418
18431
18435
18463
18480
18485
18495
18496
18518
18538
18540
18551
18573
18579
18585
18594
18600
18601
18618
18631
18640
18663
18664
18666
18672
18683
18686
18694
18696
18745
18752
18754
18756
18759
18759
18762
18762
18797
18812
18813
18815
18822
18866
18892
18897
18900
18917
18937
18947
18953
18955
18972
18987
18989
19008
19015
19023
19035
19035
19037
19047
19074
19100
19103
19120
19130
19136
19140
19154
19163
19180
19185
19201
19204
19215
19215
19228
19256
19265
19299
19302
19317
19320
19349
19351
19364
19365
19370
19371
19372
19382
19386
19392
19405
19407
19419
19423
19430
19432
19442
19452
19459
19459
19471
19474
19480
19484
19505
19506
19513
19523
19526
19528
19547
19556
19556
19556
19574
19575
19591
19596
19606
19607
19612
19626
19640
19641
19641
19651
19652
19674
19674
19677
19692
19704
19705
19716
19722
19722
19723
19736
19737
19737
19754
19755
19768
19794
19829
19863
19864
19872
19880
19880
19901
19911
19920
19922
19924
19926
19936
19951
19963
19969
19985
19988
19993
20005
20009
20021
20023
20025
20029
20037
20068
20068
20077
20100
20110
20121
20123
20143
20150
20195
20201
20208
20212
20218
20218
20246
20256
20256
20263
20266
20267
20268
20271
20274
20289
20305
20327
20334
20336
20358
20359
20365
20367
20390
20395
20406
20416
20416
20439
20445
20455
20463
20466
20467
20474
20479
20480
20496
20524
20534
20556
20558
20562
20568
20574
20575
20585
20617
20623
20624
20627
20641
20642
20646
20664
20668
20668
20679
20694
20702
20721
20724
20732
20739
20747
20748
20758
20769
20785
20798
20804
20808
20819
20819
20820
20823
20825
20832
20857
20874
20877
20887
20897
20910
20915
20925
20927
20935
20939
20943
20949
20951
20961
20967
20986
20988
20992
21007
21008
21008
21033
21036
21041
21046
21048
21063
21066
21101
21120
21123
21157
21186
21194
21196
21214
21215
21219
21248
21251
21251
21263
21271
21274
21275
21282
21283
21285
21286
21288
21294
21301
21323
21330
21339
21345
21346
21367
21377
21383
21387
21394
21414
21420
21424
21444
21448
21449
21468
21475
21487
21504
21523
21552
21554
21565
21568
21642
21644
21654
21658
21659
21678
21698
21717
21733
21739
21758
21770
21783
21815
21815
21841
21857
21894
21897
21920
21932
21958
21961
21968
21980
21995
22005
22015
22034
22060
22072
22075
22080
22087
22094
22104
22114
22128
22131
22134
22151
22153
22179
22182
22185
22188
22205
22249
22268
22272
22279
22290
22304
22320
22334
22337
22337
22337
22343
22345
22345
22355
22365
22366
22372
22372
22374
22386
22387
22408
22410
22423
22433
22463
22470
22488
22490
22491
22501
22503
22511
22519
22527
22527
22550
22555
22556
22576
22580
22589
22592
22593
22595
22603
22608
22611
22617
22638
22645
22651
22652
22663
22699
22705
22709
22711
22719
22751
22759
22781
22793
22797
22802
22827
22828
22849
22853
22874
22875
22882
22890
22896
22913
22918
22919
22929
22942
22959
22970
22971
22992
22998
23044
23045
23046
23054
23056
23106
23134
23146
23152
23166
23173
23183
23206
23229
23235
23266
23308
23308
23309
23318
23318
23319
23325
23327
23351
23364
23367
23379
23385
23386
23407
23408
23412
23426
23440
23441
23444
23460
23461
23485
23487
23491
23495
23530
23534
23535
23553
23557
23562
23573
23576
23576
23596
23603
23608
23618
23622
23647
23670
23713
23716
23728
23729
23737
23756
23768
23770
23790
23802
23838
23842
23867
23889
23896
23898
23914
23926
23966
23970
23997
24013
24019
24061
24070
24081
24082
24086
24093
24094
24101
24109
24125
24125
24134
24137
24149
24151
24161
24163
24165
24182
24200
24202
24245
24248
24252
24271
24275
24279
24337
24341
24347
24368
24370
24382
24411
24425
24442
24463
24466
24467
24469
24472
24473
24474
24491
24500
24514
24537
24552
24560
24563
24570
24577
24578
24582
24586
24588
24618
24620
24624
24632
24644
24651
24658
24662
24667
24668
24706
24719
24755
24758
24764
24771
24787
24789
24799
24799
24803
24804
24819
24819
24823
24850
24858
24871
24883
24888
24889
24907
24908
24914
24925
24937
24946
24949
24971
24977
24991
24997
25014
25029
25032
25044
25070
25076
25076
25077
25081
25088
25094
25095
25101
25121
25133
25133
25134
25157
25188
25197
25198
25199
25214
25225
25240
25240
25241
25259
25282
25290
25303
25305
25329
25329
25347
25363
25365
25374
25384
25398
25402
25412
25416
25420
25423
25424
25437
25449
25450
25459
25494
25501
25527
25530
25535
25562
25569
25592
25594
25599
25600
25610
25610
25618
25627
25640
25649
25676
25683
25683
25709
25723
25731
25735
25742
25747
25749
25751
25761
25779
25781
25793
25807
25821
25829
25835
25839
25849
25854
25892
25893
25898
25904
25905
25933
25934
25973
25983
25995
26002
26011
26037
26043
26046
26066
26068
26074
26082
26117
26120
26120
26153
26156
26167
26171
26172
26172
26178
26187
26195
26211
26219
26225
26254
26269
26278
26280
26280
26298
26303
26307
26319
26327
26340
26353
26356
26375
26377
26380
26391
26412
26413
26419
26423
26428
26430
26439
26442
26445
26450
26456
26462
26469
26474
26503
26523
26527
26542
26552
26554
26564
26613
26617
26623
26649
26669
26707
26707
26718
26724
26737
26764
26766
26769
26779
26804
26816
26827
26828
26843
26863
26915
26926
26952
26978
26985
27024
27026
27029
27043
27044
27047
27059
27068
27080
27081
27109
27117
27121
27135
27137
27147
27181
27184
27189
27190
27206
27212
27227
27231
27236
27242
27242
27244
27261
27266
27299
27300
27301
27304
27307
27330
27338
27340
27348
27372
27375
27388
27397
27416
27430
27434
27434
27440
27446
27470
27471
27474
27542
27548
27563
27573
27585
27587
27588
27589
27596
27596
27597
27600
27611
27615
27624
27629
27640
27650
27673
27681
27686
27686
27702
27711
27723
27723
27723
27726
27736
27750
27761
27775
27783
27791
27793
27794
27807
27812
27822
27823
27840
27864
27870
27883
27902
27902
27909
27915
27915
27915
27925
27929
27940
27945
27961
27961
27970
27970
27980
27991
27996
27999
28018
28021
28029
28037
28092
28095
28098
28103
28112
28120
28123
28128
28134
28141
28150
28168
28174
28178
28180
28199
28201
28221
28233
28242
28242
28252
28268
28268
28275
28283
28304
28309
28309
28314
28316
28318
28335
28342
28344
28346
28347
28362
28365
28395
28413
28429
28439
28456
28457
28470
28470
28477
28480
28483
28484
28493
28501
28501
28505
28507
28508
28540
28545
28560
28564
28566
28576
28594
28603
28632
28664
28666
28666
28667
28685
28705
28706
28707
28716
28718
28718
28740
28743
28760
28764
28769
28776
28796
28797
28806
28807
28810
28818
28820
28820
28828
28844
28848
28852
28863
28869
28877
28892
28905
28912
28914
28923
28928
28959
28959
28962
28979
28990
29007
29025
29039
29053
29059
29069
29088
29115
29115
29117
29118
29122
29137
29137
29140
29140
29143
29158
29160
29161
29168
29170
29175
29177
29188
29198
29232
29238
29251
29258
29259
29263
29268
29278
29290
29297
29302
29331
29344
29345
29352
29353
29358
29360
29360
29368
29401
29404
29405
29409
29412
29419
29420
29425
29437
29439
29441
29445
29450
29473
29474
29477
29495
29496
29502
29538
29550
29563
29567
29587
29594
29601
29606
29609
29611
29615
29641
29641
29650
29660
29670
29679
29686
29692
29717
29722
29732
29736
29744
29767
29794
29799
29811
29812
29818
29828
29842
29847
29849
29865
29879
29882
29897
29901
29912
29934
29934
29944
29972
29992
29996
29996
30007
30011
30025
30037
30094
30111
30136
30153
30156
30175
30176
30183
30198
30207
30216
30217
30221
30224
30230
30231
30231
30234
30245
30255
30261
30262
30262
30270
30316
30327
30343
30349
30376
30379
30398
30411
30421
30428
30435
30445
30459
30463
30468
30469
30473
30477
30487
30528
30528
30559
30566
30568
30570
30608
30610
30615
30617
30637
30643
30646
30664
30672
30678
30705
30716
30719
30724
30730
30733
30734
30734
30738
30747
30751
30762
30770
30773
30776
30780
30806
30816
30817
30825
30831
30842
30862
30870
30876
30879
30907
30908
30914
30921
30923
30932
30934
30943
30949
30951
30960
30962
30968
30972
30979
31000
31003
31005
31040
31052
31070
31084
31088
31100
31102
31107
31114
31125
31129
31129
31144
31157
31160
31170
31173
31177
31181
31192
31208
31240
31252
31267
31271
31283
31283
31293
31295
31296
31310
31319
31344
31352
31381
31383
31401
31407
31409
31424
31434
31447
31458
31466
31477
31479
31480
31481
31490
31495
31496
31504
31508
31509
31514
31519
31543
31546
31558
31592
31603
31605
31605
31624
31652
31661
31668
31677
31686
31686
31699
31702
31709
31713
31727
31736
31736
31741
31753
31757
31776
31794
31802
31806
31824
31825
31834
31834
31838
31838
31851
31852
31860
31865
31867
31873
31876
31881
31893
31895
31905
31909
31910
31919
31938
31948
31950
31961
31963
31987
32011
32013
32039
32040
32071
32083
32090
32093
32095
32101
32114
32137
32142
32145
32149
32154
32191
32196
32200
32208
32214
32214
32264
32267
32276
32276
32277
32285
32292
32296
32327
32328
32328
32333
32341
32360
32374
32377
32379
32407
32418
32420
32421
32421
32441
32456
32486
32487
32488
32516
32525
32535
32540
32544
32549
32559
32579
32579
32590
32610
32619
32636
32651
32651
32659
32668
32670
32679
32715
32719
32730
32731
32759
32766
32772
32781
32791
32813
32815
32825
32829
32841
32873
32880
32890
32922
32926
32940
32942
32948
32958
32970
32982
33001
33010
33048
33060
33062
33064
33067
33081
33086
33110
33116
33137
33179
33194
33231
33256
33289
33289
33303
33311
33326
33327
33343
33352
33361
33369
33375
33382
33384
33406
33420
33425
33449
33450
33466
33480
33480
33501
33503
33508
33513
33537
33538
33549
33551
33556
33558
33567
33572
33575
33577
33614
33620
33621
33627
33627
33655
33671
33673
33675
33688
33691
33702
33704
33708
33713
33748
33772
33779
33815
33816
33816
33830
33835
33836
33845
33857
33867
33872
33875
33877
33913
33919
33926
33932
33952
33962
33974
33981
33981
33994
34008
34018
34019
34025
34025
34048
34057
34067
34079
34084
34103
34110
34119
34142
34157
34159
34168
34189
34196
34218
34218
34228
34237
34263
34270
34275
34279
34302
34312
34325
34327
34329
34330
34336
34346
34350
34378
34384
34408
34412
34418
34478
34491
34496
34518
34521
34522
34525
34530
34537
34538
34541
34553
34556
34561
34563
34596
34601
34619
34629
34643
34649
34677
34679
34690
34691
34708
34715
34737
34742
34745
34749
34762
34765
34773
34800
34802
34811
34823
34830
34846
34855
34868
34890
34893
34895
34901
34927
34937
34944
34957
34962
34966
34976
35012
35023
35030
35068
35069
35132
35147
35148
35156
35229
35242
35249
35254
35261
35265
35265
35292
35296
35307
35311
35328
35329
35346
35366
35418
35420
35435
35445
35448
35454
35460
35477
35478
35484
35493
35494
35497
35506
35510
35511
35513
35524
35527
35530
35546
35548
35555
35565
35573
35580
35601
35605
35606
35613
35617
35625
35664
35672
35674
35707
35707
35713
35716
35718
35718
35729
35731
35755
35757
35757
35758
35773
35776
35786
35790
35800
35813
35816
35839
35842
35854
35858
35869
35872
35881
35892
35892
35894
35905
35907
35915
35921
35946
35963
35974
35979
35981
35982
35985
35998
35998
35999
36013
36030
36040
36042
36042
36046
36050
36050
36053
36067
36068
36077
36098
36108
36116
36133
36150
36158
36158
36166
36170
36173
36188
36197
36208
36251
36254
36255
36259
36262
36263
36276
36302
36308
36308
36318
36336
36343
36347
36359
36360
36380
36409
36409
36423
36431
36439
36466
36471
36474
36488
36507
36507
36509
36511
36558
36558
36561
36562
36577
36585
36590
36590
36591
36603
36611
36612
36614
36633
36646
36655
36656
36660
36663
36671
36673
36682
36683
36695
36697
36699
36705
36710
36712
36712
36728
36749
36755
36756
36774
36775
36791
36802
36809
36834
36844
36866
36880
36890
36912
36967
36977
36983
36997
37001
37008
37010
37045
37071
37098
37110
37115
37118
37123
37125
37135
37153
37160
37177
37188
37193
37198
37204
37208
37212
37228
37269
37271
37279
37301
37311
37321
37328
37332
37340
37361
37378
37407
37429
37431
37437
37440
37454
37467
37467
37471
37479
37498
37506
37511
37525
37540
37542
37556
37570
37573
37586
37586
37639
37640
37641
37651
37674
37705
37719
37724
37729
37732
37736
37772
37783
37824
37852
37852
37859
37876
37887
37889
37892
37897
37909
37922
37923
37925
37936
37936
37937
37976
37978
37999
38049
38051
38104
38105
38114
38118
38127
38127
38127
38137
38144
38145
38169
38171
38189
38191
38213
38217
38234
38240
38251
38269
38270
38282
38290
38299
38307
38313
38315
38321
38321
38324
38330
38333
38336
38356
38362
38382
38384
38390
38401
38409
38409
38423
38431
38433
38444
38449
38452
38463
38469
38475
38476
38479
38484
38492
38497
38504
38511
38520
38521
38544
38610
38641
38642
38643
38655
38658
38690
38691
38693
38693
38693
38708
38719
38729
38730
38731
38762
38786
38803
38805
38809
38812
38819
38830
38833
38839
38849
38849
38852
38866
38869
38870
38870
38890
38891
38894
38898
38898
38905
38919
38934
38948
38949
38963
38964
38965
38980
38980
38982
38987
38994
39007
39008
39009
39014
39024
39030
39049
39066
39066
39074
39088
39126
39128
39132
39152
39159
39159
39180
39183
39197
39211
39211
39219
39221
39237
39237
39240
39243
39270
39270
39272
39280
39284
39296
39296
39305
39310
39313
39314
39321
39325
39327
39350
39356
39369
39386
39392
39414
39428
39434
39436
39457
39460
39466
39483
39489
39516
39527
39534
39555
39556
39562
39576
39578
39585
39590
39592
39602
39615
39644
39649
39657
39667
39670
39673
39720
39722
39728
39729
39746
39770
39777
39777
39781
39785
39797
39797
39817
39827
39850
39852
39856
39857
39858
39860
39861
39870
39876
39880
39888
39898
39911
39924
39927
39934
39948
39957
39968
39969
39981
40010
40021
40028
40028
40030
40033
40055
40058
40070
40070
40087
40092
40109
40119
40121
40151
40158
40193
40227
40233
40234
40239
40248
40250
40256
40259
40288
40290
40296
40303
40316
40324
40343
40344
40367
40392
40407
40409
40410
40415
40416
40427
40437
40447
40451
40452
40453
40453
40455
40465
40470
40470
40490
40495
40513
40517
40517
40527
40532
40536
40555
40576
40586
40589
40590
40622
40632
40645
40654
40668
40677
40697
40700
40710
40722
40731
40768
40769
40784
40788
40826
40830
40840
40864
40866
40893
40904
40911
40911
40920
40925
40926
40931
40946
40954
40955
40957
40969
40973
40982
40988
40991
41025
41025
41032
41036
41040
41050
41062
41069
41072
41080
41081
41087
41088
41100
41104
41104
41107
41122
41126
41138
41140
41162
41163
41181
41229
41237
41244
41245
41247
41249
41262
41271
41274
41281
41283
41289
41290
41290
41291
41300
41314
41319
41326
41327
41334
41335
41369
41376
41384
41389
41404
41417
41422
41429
41437
41445
41454
41456
41464
41471
41476
41476
41501
41503
41526
41551
41578
41601
41608
41617
41620
41636
41643
41664
41667
41668
41686
41688
41718
41719
41725
41769
41773
41779
41792
41795
41805
41820
41825
41836
41859
41901
41906
41909
41931
41947
41959
41974
41975
41995
41997
42015
42015
42022
42029
42043
42050
42050
42054
42059
42067
42073
42096
42102
42104
42109
42110
42113
42115
42126
42142
42191
42196
42226
42253
42258
42258
42297
42297
42315
42322
42326
42331
42343
42353
42361
42362
42363
42367
42371
42380
42380
42387
42398
42398
42449
42470
42481
42486
42505
42506
42519
42540
42577
42602
42609
42622
42625
42634
42653
42671
42674
42682
42692
42716
42725
42741
42746
42754
42765
42774
42780
42782
42786
42789
42797
42798
42800
42802
42851
42861
42864
42893
42894
42895
42902
42907
42918
42927
42928
42930
42972
42975
42977
42990
42993
43010
43023
43025
43029
43034
43045
43096
43113
43129
43138
43148
43161
43185
43187
43192
43194
43199
43200
43207
43217
43223
43229
43315
43326
43327
43328
43342
43343
43348
43366
43374
43388
43401
43410
43416
43417
43447
43448
43481
43487
43488
43489
43494
43506
43530
43531
43539
43543
43567
43569
43577
43582
43586
43586
43622
43630
43644
43661
43671
43753
43780
43841
43850
43855
43863
43883
43888
43891
43893
43902
43921
43923
43929
43931
43943
43943
43948
43958
43961
43971
43975
43978
43984
43994
44010
44013
44021
44036
44037
44062
44094
44096
44097
44100
44104
44120
44125
44165
44167
44172
44178
44200
44200
44207
44235
44238
44257
44270
44296
44299
44313
44321
44324
44329
44350
44375
44387
44395
44412
44420
44428
44431
44432
44448
44462
44474
44521
44524
44539
44541
44541
44566
44568
44585
44585
44587
44592
44606
44609
44615
44622
44629
44640
44660
44673
44681
44708
44723
44726
44734
44744
44754
44757
44774
44775
44777
44789
44791
44797
44863
44869
44871
44874
44890
44910
44931
44932
44933
44934
44936
44945
44946
44960
44970
44974
44985
44998
44999
45007
45029
45036
45047
45048
45049
45052
45067
45070
45071
45071
45074
45078
45094
45096
45104
45108
45134
45188
45189
45206
45241
45241
45252
45264
45302
45308
45312
45323
45351
45360
45368
45369
45385
45399
45401
45423
45436
45449
45453
45473
45482
45483
45499
45502
45506
45516
45518
45536
45573
45589
45598
45621
45626
45631
45653
45664
45669
45685
45686
45686
45708
45726
45731
45753
45766
45772
45778
45787
45788
45791
45802
45805
45806
45823
45829
45831
45840
45843
45848
45863
45867
45873
45874
45875
45877
45879
45884
45889
45890
45900
45910
45911
45919
45937
45948
45973
46014
46019
46033
46067
46071
46073
46075
46080
46081
46085
46114
46114
46118
46120
46124
46124
46149
46169
46185
46196
46202
46221
46227
46235
46247
46264
46269
46275
46292
46303
46312
46315
46319
46321
46328
46331
46337
46341
46348
46348
46351
46352
46352
46356
46375
46375
46387
46417
46419
46424
46440
46445
46468
46476
46546
46550
46587
46596
46596
46601
46603
46616
46624
46631
46639
46645
46676
46703
46705
46714
46717
46733
46734
46748
46756
46758
46767
46769
46781
46785
46786
46792
46820
46832
46833
46839
46852
46872
46875
46876
46879
46900
46904
46908
46926
46929
46932
46943
46961
46980
46995
47002
47015
47021
47035
47041
47043
47056
47062
47097
47104
47104
47114
47117
47119
47132
47192
47199
47202
47205
47213
47232
47235
47239
47241
47258
47267
47272
47288
47291
47305
47305
47322
47331
47342
47379
47383
47401
47401
47405
47414
47415
47419
47421
47456
47467
47479
47524
47531
47532
47538
47555
47556
47562
47569
47575
47585
47594
47596
47603
47605
47612
47640
47641
47649
47651
47679
47685
47695
47702
47708
47730
47732
47733
47770
47775
47776
47785
47787
47797
47800
47802
47825
47851
47854
47854
47858
47880
47886
47894
47900
47908
47910
47910
47918
47925
47928
47935
47943
47963
47975
47978
47982
47983
47985
47993
47996
47998
48011
48018
48029
48033
48065
48076
48097
48102
48103
48128
48133
48143
48157
48176
48179
48229
48292
48318
48340
48345
48348
48354
48357
48368
48370
48378
48379
48383
48397
48400
48409
48434
48442
48456
48470
48477
48478
48480
48490
48498
48502
48504
48520
48522
48541
48543
48545
48547
48581
48584
48607
48608
48611
48615
48630
48633
48650
48652
48660
48662
48664
48666
48704
48706
48713
48725
48746
48746
48749
48777
48786
48799
48812
48825
48834
48840
48860
48865
48887
48888
48898
48901
48913
48924
48930
48935
48938
48944
48947
48961
48964
48966
48978
48983
48984
49023
49025
49054
49064
49064
49070
49089
49092
49173
49173
49180
49184
49188
49217
49231
49253
49266
49268
49286
49295
49306
49309
49338
49346
49359
49372
49385
49388
49395
49406
49412
49412
49443
49451
49453
49465
49479
49493
49521
49529
49531
49538
49544
49579
49579
49583
49583
49590
49593
49605
49626
49649
49650
49654
49662
49677
49685
49694
49705
49727
49728
49737
49745
49746
49755
49822
49822
49836
49857
49883
49910
49923
49934
49948
49955
49958
49972
49980
49985
49987
49991
49994
49999
50005
50034
50077
50081
50089
50100
50105
50116
50123
50128
50132
50138
50141
50167
50173
50182
50196
50209
50215
50223
50233
50234
50267
50270
50277
50285
50285
50287
50293
50333
50343
50345
50369
50373
50379
50385
50385
50398
50402
50413
50429
50440
50440
50454
50459
50481
50495
50514
50525
50525
50529
50529
50545
50580
50583
50608
50619
50623
50630
50630
50640
50642
50653
50710
50712
50718
50733
50745
50747
50748
50766
50783
50791
50800
50833
50834
50849
50856
50859
50865
50874
50878
50894
50907
50916
50923
50935
50941
50946
50948
50971
50979
50986
51003
51012
51019
51020
51021
51066
51071
51081
51089
51089
51093
51101
51125
51126
51147
51160
51165
51174
51178
51182
51183
51205
51208
51219
51225
51237
51238
51269
51274
51275
51280
51301
51311
51319
51333
51355
51358
51372
51378
51395
51395
51396
51402
51413
51417
51417
51435
51496
51501
51502
51513
51516
51533
51558
51566
51568
51575
51581
51588
51595
51597
51603
51616
51641
51641
51659
51672
51692
51700
51706
51715
51724
51731
51735
51740
51754
51754
51756
51761
51767
51775
51782
51783
51793
51794
51820
51837
51854
51859
51873
51880
51889
51895
51900
51900
51908
51942
51946
51946
51952
51965
51966
51966
51971
51983
51987
51987
52011
52029
52029
52030
52062
52076
52083
52086
52097
52132
52142
52154
52156
52164
52167
52189
52215
52235
52252
52255
52262
52280
52280
52305
52325
52327
52347
52348
52353
52354
52358
52363
52394
52395
52399
52421
52430
52438
52446
52467
52472
52477
52487
52490
52511
52513
52537
52546
52559
52561
52570
52571
52575
52582
52590
52612
52626
52638
52644
52685
52697
52707
52723
52723
52744
52780
52799
52800
52803
52816
52816
52817
52817
52825
52839
52861
52877
52885
52907
52913
52930
52932
52933
52937
52943
52953
52956
52966
52967
52977
52983
52988
52999
53047
53064
53064
53084
53086
53110
53127
53135
53136
53142
53149
53175
53195
53196
53211
53217
53219
53227
53236
53237
53252
53266
53267
53270
53279
53289
53291
53294
53300
53310
53311
53327
53340
53343
53351
53369
53376
53386
53389
53406
53410
53411
53416
53423
53443
53444
53450
53461
53477
53480
53491
53492
53492
53503
53507
53517
53527
53531
53540
53543
53584
53584
53598
53610
53612
53618
53622
53625
53625
53639
53658
53677
53679
53681
53682
53684
53684
53707
53716
53728
53729
53770
53803
53828
53836
53858
53878
53880
53889
53890
53891
53905
53915
53918
53925
53949
53950
53962
53964
53982
53990
53995
54000
54006
54006
54027
54037
54039
54044
54045
54066
54078
54085
54088
54105
54106
54108
54110
54110
54112
54145
54153
54167
54169
54171
54185
54189
54192
54192
54201
54207
54218
54234
54236
54238
54239
54246
54266
54286
54292
54303
54311
54311
54315
54316
54316
54318
54321
54331
54346
54346
54348
54352
54355
54379
54387
54388
54403
54429
54430
54446
54451
54454
54467
54478
54502
54506
54508
54513
54519
54536
54553
54562
54566
54573
54597
54612
54637
54664
54667
54702
54713
54724
54725
54750
54761
54773
54783
54785
54786
54786
54786
54793
54804
54808
54822
54829
54831
54849
54855
54863
54864
54866
54869
54878
54914
54918
54924
54933
54951
54960
54961
54974
54983
54990
54992
54998
54998
54999
55012
55022
55026
55032
55038
55039
55077
55082
55089
55098
55108
55112
55142
55158
55161
55190
55203
55203
55205
55206
55209
55218
55220
55246
55265
55291
55295
55325
55329
55334
55359
55366
55384
55402
55403
55433
55476
55478
55501
55502
55523
55531
55575
55594
55599
55606
55620
55631
55634
55652
55662
55677
55700
55706
55707
55736
55738
55740
55743
55768
55771
55773
55780
55792
55802
55804
55805
55815
55827
55838
55848
55856
55862
55863
55866
55866
55884
55914
55916
55926
55951
55956
55967
55971
55978
55990
55995
56002
56007
56011
56011
56019
56020
56024
56037
56043
56045
56060
56061
56101
56114
56133
56141
56177
56190
56208
56229
56232
56238
56245
56245
56255
56259
56265
56288
56306
56324
56333
56334
56338
56342
56347
56350
56362
56391
56396
56400
56404
56415
56446
56447
56519
56519
56527
56552
56582
56601
56653
56660
56662
56665
56665
56667
56668
56674
56683
56707
56709
56712
56727
56749
56754
56757
56764
56777
56805
56812
56829
56831
56835
56865
56866
56872
56914
56947
56956
56980
56988
56998
57015
57017
57021
57029
57036
57043
57054
57083
57084
57097
57124
57127
57132
57134
57136
57144
57145
57152
57165
57169
57181
57186
57197
57198
57210
57214
57223
57225
57229
57245
57247
57258
57267
57286
57288
57289
57295
57308
57326
57336
57344
57344
57348
57353
57360
57368
57377
57387
57388
57395
57400
57406
57408
57413
57429
57439
57446
57462
57466
57485
57490
57507
57518
57522
57545
57552
57556
57565
57572
57573
57577
57584
57587
57606
57613
57620
57626
57630
57632
57645
57649
57653
57658
57666
57667
57680
57680
57699
57713
57722
57734
57740
57748
57748
57754
57775
57777
57787
57787
57790
57814
57820
57823
57837
57840
57844
57862
57873
57885
57892
57935
57958
57967
57968
57970
57974
57989
57998
58011
58016
58019
58041
58054
58058
58058
58064
58065
58089
58101
58133
58140
58150
58153
58162
58173
58185
58187
58198
58227
58229
58253
58261
58285
58297
58300
58310
58339
58346
58351
58379
58394
58406
58412
58453
58454
58455
58462
58475
58480
58484
58497
58514
58517
58530
58541
58546
58550
58591
58593
58601
58610
58614
58633
58670
58698
58708
58711
58711
58717
58718
58733
58736
58736
58743
58790
58791
58794
58799
58801
58803
58804
58810
58817
58825
58826
58840
58842
58843
58849
58856
58872
58885
58915
58924
58932
58932
58941
58944
58949
58953
58965
58982
58986
59005
59018
59026
59038
59039
59046
59053
59070
59073
59082
59111
59123
59124
59134
59161
59161
59164
59167
59178
59190
59201
59204
59214
59222
59253
59254
59257
59266
59266
59267
59282
59294
59297
59299
59326
59342
59343
59349
59403
59424
59426
59431
59461
59476
59494
59496
59505
59526
59528
59530
59533
59542
59554
59567
59570
59583
59608
59631
59665
59668
59704
59704
59704
59705
59706
59728
59730
59732
59763
59765
59767
59772
59776
59783
59787
59805
59811
59835
59837
59845
59848
59854
59863
59885
59886
59898
59910
59914
59924
59926
59945
59950
59962
59967
60001
60022
60028
60031
60031
60033
60037
60043
60045
60047
60051
60061
60065
60069
60074
60112
60119
60121
60125
60128
60129
60134
60152
60160
60162
60163
60168
60170
60201
60206
60209
60223
60243
60244
60244
60254
60263
60267
60269
60278
60282
60296
60332
60336
60338
60349
60362
60364
60368
60379
60387
60419
60425
60427
60427
60451
60459
60469
60481
60483
60488
60490
60502
60507
60510
60531
60533
60545
60553
60603
60612
60614
60624
60631
60645
60648
60651
60657
60660
60667
60682
60694
60698
60718
60736
60736
60737
60747
60748
60751
60762
60788
60788
60795
60798
60802
60811
60841
60852
60854
60871
60936
60944
60971
61003
61020
61034
61037
61038
61075
61078
61086
61099
61109
61110
61134
61138
61150
61205
61208
61211
61219
61230
61251
61251
61254
61260
61264
61271
61277
61282
61293
61296
61312
61313
61313
61318
61335
61337
61348
61354
61367
61368
61371
61383
61387
61389
61406
61406
61414
61481
61499
61502
61508
61510
61525
61525
61526
61535
61585
61586
61592
61595
61595
61600
61610
61633
61634
61636
61638
61644
61659
61670
61681
61682
61684
61686
61693
61694
61700
61701
61720
61744
61762
61767
61771
61783
61819
61833
61844
61845
61850
61857
61864
61866
61876
61878
61879
61898
61903
61906
61907
61908
61912
61916
61931
61940
61972
61991
61993
61994
62004
62016
62022
62024
62070
62072
62086
62096
62098
62109
62117
62123
62134
62139
62159
62163
62176
62194
62198
62203
62214
62233
62238
62241
62242
62247
62250
62260
62263
62280
62288
62307
62321
62324
62330
62333
62351
62372
62377
62430
62449
62453
62474
62486
62504
62507
62511
62519
62522
62529
62529
62560
62567
62567
62570
62596
62612
62622
62635
62643
62657
62663
62667
62672
62692
62710
62711
62711
62717
62723
62726
62736
62742
62762
62767
62777
62804
62812
62813
62838
62841
62845
62903
62907
62917
62926
62929
62931
62936
62955
62967
62968
62971
62972
62979
62983
62994
62995
62997
63004
63009
63010
63016
63058
63061
63063
63070
63076
63107
63118
63163
63177
63185
63189
63191
63192
63223
63227
63235
63242
63248
63259
63281
63288
63319
63337
63343
63348
63351
63353
63358
63362
63369
63375
63381
63385
63393
63446
63465
63473
63476
63485
63507
63524
63542
63561
63563
63570
63575
63584
63604
63606
63640
63646
63647
63664
63678
63690
63698
63710
63713
63729
63758
63763
63766
63767
63768
63774
63775
63798
63812
63834
63851
63879
63890
63923
63927
63935
63937
63947
63982
63990
63997
64005
64044
64048
64058
64073
64074
64081
64082
64102
64127
64129
64131
64134
64136
64168
64171
64173
64202
64224
64238
64256
64262
64263
64266
64267
64275
64281
64289
64306
64307
64312
64329
64347
64355
64356
64369
64375
64378
64387
64401
64408
64414
64417
64433
64449
64477
64480
64481
64485
64511
64525
64546
64557
64590
64596
64602
64620
64632
64658
64662
64663
64678
64679
64682
64693
64701
64710
64724
64727
64728
64729
64729
64747
64750
64752
64753
64754
64770
64802
64806
64808
64812
64813
64816
64825
64836
64859
64863
64875
64893
64897
64902
64903
64925
64927
64937
64942
64952
64958
64961
64973
64975
64977
64984
64996
65020
65040
65054
65073
65073
65076
65093
65101
65102
65103
65144
65173
65179
65184
65188
65199
65201
65225
65230
65232
65235
65238
65263
65267
65278
65286
65287
65290
65290
65299
65302
65304
65306
65319
65330
65346
65358
65373
65391
65395
65397
65398
65407
65417
65418
65418
65426
65433
65446
65482
65485
65495
65511
65518
65524
65530
65573
65573
65576
65661
65679
65694
65700
65701
65709
65709
65739
65744
65753
65760
65767
65805
65816
65827
65848
65852
65853
65854
65869
65873
65897
65901
65919
65928
65931
65964
65966
65968
65969
65978
65992
66000
66007
66017
66023
66042
66060
66082
66084
66090
66094
66097
66102
66132
66133
66140
66148
66154
66189
66193
66195
66221
66229
66242
66248
66251
66259
66288
66303
66315
66327
66332
66360
66363
66367
66377
66388
66400
66400
66404
66411
66432
66442
66452
66460
66491
66508
66520
66528
66531
66534
66545
66552
66555
66570
66582
66583
66595
66596
66598
66599
66602
66602
66608
66634
66634
66658
66660
66671
66681
66682
66684
66700
66701
66704
66714
66725
66727
66770
66773
66776
66777
66780
66780
66785
66786
66807
66834
66838
66844
66854
66856
66862
66888
66890
66891
66922
66924
66951
66956
66964
67012
67023
67037
67048
67049
67075
67084
67106
67108
67109
67117
67140
67157
67173
67174
67190
67202
67204
67207
67208
67212
67213
67223
67230
67244
67245
67251
67268
67275
67275
67277
67280
67300
67306
67308
67325
67325
67341
67356
67363
67365
67368
67391
67393
67397
67398
67400
67416
67420
67429
67435
67460
67462
67472
67487
67506
67514
67528
67534
67539
67578
67581
67586
67596
67601
67611
67621
67629
67630
67668
67686
67689
67689
67697
67698
67702
67706
67709
67721
67733
67739
67741
67748
67760
67766
67769
67775
67776
67785
67791
67800
67807
67817
67844
67845
67871
67890
67897
67925
67936
67941
67952
67958
67966
67968
67977
67987
67992
68008
68012
68014
68019
68023
68044
68045
68045
68054
68063
68079
68089
68094
68096
68098
68120
68130
68136
68145
68164
68167
68174
68184
68191
68231
68233
68236
68242
68244
68248
68250
68251
68256
68262
68268
68302
68311
68318
68322
68326
68331
68333
68340
68340
68348
68369
68380
68388
68392
68401
68408
68412
68417
68418
68426
68438
68442
68448
68486
68509
68509
68511
68514
68515
68523
68526
68540
68554
68559
68578
68591
68606
68610
68620
68621
68632
68648
68674
68702
68712
68714
68739
68741
68753
68785
68793
68793
68829
68834
68847
68910
68910
68911
68922
68949
68954
68969
68971
68982
68983
68991
68998
69000
69004
69007
69015
69035
69035
69052
69058
69072
69096
69108
69110
69126
69128
69130
69140
69143
69146
69148
69154
69161
69196
69207
69211
69219
69225
69235
69250
69310
69320
69321
69359
69364
69366
69368
69381
69386
69396
69410
69412
69414
69440
69467
69496
69501
69502
69508
69512
69519
69556
69564
69564
69566
69571
69577
69580
69580
69598
69610
69631
69636
69644
69646
69652
69672
69718
69726
69735
69739
69746
69752
69762
69768
69772
69776
69788
69796
69831
69847
69848
69851
69866
69870
69882
69894
69898
69909
69916
69920
69925
69931
69953
69956
69957
69971
69989
70014
70015
70023
70039
70045
70046
70049
70050
70051
70057
70086
70088
70102
70112
70120
70128
70133
70144
70154
70159
70162
70179
70180
70182
70201
70220
70247
70293
70307
70313
70323
70328
70422
70444
70448
70484
70485
70492
70512
70522
70533
70539
70542
70543
70550
70564
70571
70573
70582
70588
70590
70599
70603
70611
70633
70640
70649
70654
70658
70664
70673
70684
70735
70744
70747
70754
70759
70760
70767
70770
70784
70789
70791
70799
70802
70846
70867
70871
70883
70884
70889
70912
70913
70922
70936
70945
70957
70993
71000
71032
71032
71053
71055
71072
71077
71099
71126
71139
71146
71164
71203
71222
71223
71224
71226
71232
71234
71241
71246
71247
71262
71295
71316
71323
71332
71339
71345
71352
71366
71378
71382
71385
71391
71416
71420
71425
71432
71440
71443
71463
71497
71499
71501
71501
71515
71518
71555
71579
71582
71602
71605
71625
71639
71654
71676
71697
71710
71731
71736
71747
71751
71756
71757
71764
71769
71777
71778
71781
71790
71797
71797
71799
71810
71811
71823
71838
71855
71861
71883
71902
71924
71948
71951
71952
71956
71964
71986
71998
72001
72005
72013
72039
72046
72049
72076
72086
72094
72105
72110
72114
72127
72128
72131
72150
72153
72157
72159
72164
72168
72175
72186
72191
72193
72194
72213
72215
72225
72232
72235
72245
72254
72263
72268
72281
72283
72299
72309
72310
72310
72311
72340
72341
72342
72348
72353
72355
72358
72359
72361
72363
72367
72374
72387
72413
72418
72435
72444
72444
72458
72461
72470
72475
72488
72493
72496
72509
72517
72521
72526
72538
72539
72539
72549
72551
72578
72580
72595
72596
72601
72623
72625
72644
72647
72664
72697
72699
72702
72705
72708
72711
72765
72774
72796
72812
72817
72841
72849
72857
72857
72859
72870
72874
72877
72897
72903
72919
72925
72931
72944
72952
72962
72964
72970
73009
73022
73037
73061
73063
73063
73064
73080
73100
73119
73125
73128
73153
73161
73172
73185
73198
73211
73216
73225
73230
73239
73249
73277
73283
73306
73326
73349
73373
73375
73379
73379
73388
73390
73394
73405
73427
73432
73447
73463
73484
73491
73497
73516
73523
73553
73575
73575
73585
73601
73623
73640
73651
73652
73656
73657
73667
73668
73672
73682
73695
73705
73708
73709
73718
73737
73757
73762
73762
73770
73788
73799
73803
73806
73808
73814
73819
73826
73826
73827
73841
73851
73862
73862
73869
73877
73878
73889
73905
73907
73910
73911
73911
73912
73920
73927
73945
73964
73971
73986
73989
73992
73995
74005
74010
74013
74020
74028
74030
74035
74039
74041
74047
74051
74057
74079
74091
74093
74099
74111
74113
74113
74114
74120
74127
74130
74151
74181
74193
74201
74202
74202
74212
74216
74222
74226
74230
74243
74246
74262
74278
74281
74282
74286
74291
74297
74302
74308
74308
74316
74340
74347
74362
74368
74374
74383
74385
74390
74391
74392
74395
74409
74419
74420
74426
74446
74457
74466
74499
74512
74517
74517
74520
74524
74555
74571
74571
74577
74584
74593
74610
74615
74628
74640
74641
74666
74680
74683
74711
74714
74718
74726
74732
74733
74734
74746
74748
74766
74775
74781
74782
74792
74796
74797
74845
74854
74855
74856
74857
74872
74886
74900
74902
74905
74934
74953
74953
74960
74964
74968
74976
74995
75004
75014
75014
75061
75099
75105
75106
75108
75118
75119
75141
75161
75175
75185
75187
75187
75212
75224
75225
75228
75230
75239
75244
75248
75256
75278
75295
75308
75320
75324
75325
75330
75332
75340
75364
75369
75387
75393
75394
75408
75409
75410
75411
75415
75417
75418
75430
75437
75444
75453
75479
75479
75500
75528
75531
75540
75559
75560
75566
75567
75576
75581
75587
75588
75599
75607
75610
75615
75638
75645
75657
75685
75688
75694
75696
75703
75704
75713
75723
75726
75727
75739
75783
75793
75807
75811
75817
75825
75847
75855
75861
75863
75873
75875
75878
75879
75884
75891
75896
75901
75943
75970
75975
75984
75994
75995
76012
76020
76026
76027
76039
76048
76052
76063
76066
76071
76072
76098
76141
76162
76198
76199
76219
76227
76232
76237
76237
76245
76263
76269
76293
76293
76301
76319
76338
76350
76350
76359
76360
76364
76377
76378
76390
76407
76412
76413
76414
76417
76422
76427
76428
76444
76451
76452
76458
76466
76473
76484
76503
76520
76528
76531
76588
76593
76598
76600
76607
76612
76618
76621
76622
76624
76627
76636
76649
76663
76673
76676
76683
76684
76689
76691
76695
76695
76702
76703
76723
76740
76740
76745
76749
76776
76789
76805
76809
76821
76826
76843
76844
76852
76856
76859
76875
76885
76888
76894
76910
76915
76938
76941
76963
76964
76971
76977
76982
76991
76998
77003
77004
77012
77030
77037
77056
77097
77117
77125
77127
77130
77139
77140
77148
77154
77160
77174
77176
77183
77197
77199
77200
77205
77205
77206
77208
77223
77225
77228
77239
77243
77246
77252
77266
77271
77282
77310
77328
77332
77337
77348
77372
77376
77412
77429
77435
77443
77461
77475
77481
77484
77489
77492
77498
77511
77511
77522
77568
77587
77591
77599
77622
77638
77645
77654
77657
77665
77682
77687
77712
77717
77722
77737
77742
77748
77758
77767
77768
77782
77819
77830
77867
77878
77884
77939
77944
77951
77951
77954
77957
77974
77987
77992
78005
78006
78020
78037
78043
78045
78051
78054
78058
78058
78065
78070
78085
78102
78112
78116
78118
78128
78134
78160
78168
78170
78178
78186
78199
78221
78221
78222
78239
78251
78252
78265
78268
78272
78284
78289
78327
78342
78346
78370
78416
78439
78449
78452
78456
78463
78464
78507
78513
78517
78541
78542
78546
78565
78565
78569
78572
78578
78580
78601
78605
78629
78641
78657
78664
78665
78673
78677
78684
78690
78692
78701
78740
78747
78748
78750
78771
78776
78794
78809
78810
78822
78835
78857
78862
78862
78877
78879
78904
78915
78916
78917
78918
78919
78919
78920
78947
79010
79011
79048
79058
79061
79061
79078
79080
79081
79091
79093
79107
79111
79114
79114
79129
79145
79151
79170
79179
79203
79207
79214
79225
79238
79275
79277
79280
79290
79296
79302
79309
79316
79318
79324
79345
79381
79385
79399
79406
79407
79413
79417
79423
79452
79466
79470
79475
79506
79509
79510
79518
79528
79530
79557
79558
79571
79574
79592
79630
79679
79681
79682
79692
79707
79707
79733
79739
79741
79748
79753
79760
79768
79777
79791
79815
79821
79844
79874
79874
79888
79897
79913
79915
79926
79931
79931
79957
79962
79966
79970
79975
79982
79984
80006
80008
80027
80031
80037
80042
80045
80055
80060
80077
80081
80085
80092
80092
80098
80103
80107
80108
80119
80120
80121
80127
80141
80158
80159
80181
80192
80196
80198
80201
80205
80208
80224
80233
80245
80247
80263
80264
80265
80306
80314
80342
80348
80352
80369
80379
80383
80385
80395
80398
80401
80404
80405
80416
80420
80431
80439
80470
80484
80491
80501
80517
80527
80528
80529
80539
80541
80545
80568
80575
80580
80588
80605
80610
80654
80659
80664
80675
80679
80688
80688
80695
80703
80715
80721
80732
80736
80767
80775
80785
80797
80809
80810
80817
80818
80819
80827
80845
80860
80901
80905
80906
80913
80918
80920
80932
80932
80938
80942
80943
80947
80964
80967
80972
80979
81001
81003
81004
81029
81031
81053
81068
81099
81112
81116
81141
81152
81153
81163
81186
81215
81238
81248
81253
81257
81262
81272
81289
81296
81307
81317
81322
81331
81340
81356
81358
81372
81373
81378
81385
81389
81409
81413
81419
81439
81452
81463
81465
81467
81468
81470
81470
81499
81500
81501
81503
81524
81526
81539
81551
81561
81575
81607
81618
81620
81631
81643
81645
81648
81649
81662
81696
81698
81720
81762
81765
81779
81784
81797
81802
81836
81838
81847
81850
81855
81861
81878
81888
81899
81910
81919
81940
81942
81957
81962
81983
81984
81985
81988
82000
82007
82018
82037
82040
82047
82047
82051
82052
82066
82081
82093
82105
82116
82122
82152
82164
82185
82198
82199
82200
82207
82209
82214
82237
82238
82253
82282
82299
82306
82315
82327
82332
82337
82359
82369
82376
82402
82405
82418
82424
82445
82450
82484
82493
82499
82503
82507
82520
82522
82538
82538
82540
82551
82555
82556
82566
82572
82580
82592
82598
82604
82606
82609
82611
82635
82650
82656
82657
82658
82686
82746
82746
82752
82758
82786
82793
82794
82795
82795
82807
82810
82811
82816
82824
82824
82842
82844
82852
82856
82871
82880
82885
82905
82906
82908
82933
82945
82945
82951
82952
82964
83000
83052
83059
83081
83098
83102
83146
83157
83166
83174
83180
83205
83228
83258
83275
83276
83293
83294
83300
83313
83314
83352
83364
83366
83367
83368
83374
83380
83385
83420
83469
83471
83481
83492
83501
83502
83527
83536
83540
83544
83557
83563
83566
83573
83574
83581
83582
83598
83602
83626
83634
83660
83662
83663
83689
83706
83717
83726
83745
83770
83771
83778
83781
83788
83792
83808
83815
83819
83828
83840
83848
83849
83860
83877
83877
83888
83891
83922
83935
83936
83938
83941
83959
83974
83983
83991
83991
84022
84027
84050
84074
84080
84087
84089
84089
84106
84115
84161
84162
84178
84184
84197
84202
84216
84217
84225
84230
84232
84254
84255
84256
84257
84260
84261
84285
84299
84303
84307
84329
84330
84334
84340
84352
84357
84361
84377
84383
84391
84395
84396
84410
84420
84428
84446
84447
84452
84454
84469
84472
84481
84488
84493
84501
84504
84510
84515
84518
84531
84538
84561
84570
84582
84588
84590
84603
84628
84644
84645
84653
84654
84662
84670
84681
84716
84721
84758
84777
84784
84786
84798
84823
84828
84848
84849
84902
84903
84918
84918
84949
84953
84964
84970
84974
84975
84992
84995
84998
84998
85004
85009
85011
85011
85018
85038
85051
85087
85096
85108
85138
85153
85161
85163
85164
85181
85184
85189
85201
85204
85224
85234
85236
85240
85245
85248
85253
85256
85274
85277
85279
85283
85286
85300
85302
85304
85329
85332
85338
85344
85348
85367
85387
85399
85403
85404
85432
85436
85447
85447
85456
85487
85502
85502
85517
85519
85520
85533
85546
85553
85558
85560
85572
85590
85616
85617
85632
85641
85642
85670
85684
85687
85690
85693
85699
85701
85717
85723
85732
85736
85758
85764
85766
85772
85774
85785
85788
85808
85820
85838
85844
85858
85879
85905
85914
85914
85920
85938
85955
85970
85974
85989
86004
86006
86014
86027
86051
86068
86070
86073
86078
86093
86097
86118
86152
86160
86165
86185
86195
86198
86206
86207
86212
86214
86218
86230
86231
86255
86260
86261
86267
86274
86281
86287
86287
86292
86294
86301
86320
86328
86341
86344
86351
86361
86369
86375
86388
86390
86416
86420
86425
86434
86535
86537
86542
86548
86559
86585
86608
86616
86630
86651
86656
86658
86690
86697
86715
86736
86737
86744
86749
86774
86783
86794
86800
86802
86806
86818
86818
86847
86875
86878
86883
86885
86887
86889
86892
86898
86909
86919
86930
86979
86983
86984
86988
87007
87021
87021
87068
87073
87103
87103
87107
87110
87130
87140
87144
87158
87176
87189
87197
87202
87220
87230
87239
87251
87302
87304
87310
87314
87324
87378
87381
87461
87464
87470
87477
87480
87502
87519
87521
87526
87528
87529
87565
87577
87595
87597
87625
87649
87663
87668
87687
87698
87702
87703
87721
87752
87757
87769
87775
87783
87787
87788
87798
87831
87833
87838
87844
87858
87861
87877
87882
87891
87916
87921
87928
87929
87929
87940
87941
87945
87947
87959
87975
87996
88018
88024
88035
88038
88052
88056
88066
88070
88075
88122
88131
88136
88141
88148
88150
88164
88168
88182
88199
88213
88246
88260
88263
88268
88269
88272
88289
88294
88295
88306
88309
88344
88349
88362
88363
88386
88391
88394
88404
88412
88433
88436
88455
88461
88479
88493
88511
88513
88517
88535
88537
88541
88543
88550
88564
88565
88584
88585
88602
88603
88603
88612
88616
88629
88634
88644
88652
88655
88664
88676
88677
88678
88678
88687
88698
88712
88728
88737
88739
88768
88779
88782
88797
88798
88826
88829
88838
88840
88840
88876
88900
88918
88925
88946
88972
88985
88989
88990
88994
88995
89000
89015
89020
89053
89063
89070
89072
89112
89122
89127
89157
89174
89175
89175
89179
89207
89232
89251
89251
89252
89261
89263
89268
89270
89271
89274
89287
89289
89290
89291
89303
89310
89316
89324
89331
89353
89362
89368
89386
89400
89401
89407
89418
89438
89447
89451
89456
89465
89473
89477
89478
89482
89492
89498
89527
89531
89537
89553
89558
89559
89562
89565
89582
89597
89598
89599
89634
89647
89653
89665
89667
89687
89701
89724
89761
89778
89788
89796
89825
89829
89831
89843
89862
89862
89863
89898
89905
89909
89925
89934
89937
89945
89949
89962
89964
89966
89967
89996
90008
90016
90034
90041
90048
90057
90062
90070
90071
90075
90077
90081
90113
90139
90140
90146
90147
90149
90156
90167
90178
90182
90184
90188
90192
90200
90204
90206
90206
90223
90250
90296
90334
90339
90350
90358
90361
90366
90371
90381
90405
90407
90415
90417
90427
90446
90468
90483
90485
90489
90490
90508
90515
90565
90590
90593
90602
90605
90618
90621
90629
90636
90644
90666
90667
90681
90697
90703
90722
90730
90737
90740
90747
90751
90765
90767
90770
90778
90779
90790
90796
90799
90804
90809
90814
90833
90837
90842
90845
90855
90874
90874
90875
90883
90892
90894
90897
90914
90941
90959
90976
90981
90995
91004
91041
91043
91045
91054
91055
91071
91073
91075
91077
91086
91090
91091
91093
91097
91109
91110
91119
91138
91157
91165
91166
91166
91175
91195
91201
91207
91222
91228
91258
91264
91268
91299
91300
91310
91323
91351
91355
91356
91360
91362
91362
91396
91399
91416
91429
91437
91439
91455
91469
91486
91486
91491
91496
91500
91506
91508
91509
91511
91519
91528
91530
91532
91562
91564
91590
91607
91610
91611
91633
91647
91653
91663
91685
91699
91703
91734
91742
91780
91786
91797
91818
91853
91854
91864
91867
91873
91877
91882
91901
91904
91917
91920
91931
91938
91950
91957
91974
91975
91983
91991
91992
91998
92000
92010
92011
92026
92028
92043
92050
92050
92057
92080
92104
92105
92110
92127
92138
92163
92168
92181
92182
92190
92203
92240
92241
92243
92256
92298
92301
92305
92312
92314
92316
92330
92332
92336
92339
92342
92352
92358
92360
92371
92373
92377
92383
92393
92416
92417
92418
92456
92457
92497
92498
92510
92526
92527
92529
92568
92570
92572
92583
92591
92598
92610
92631
92655
92700
92704
92714
92726
92728
92733
92776
92831
92846
92873
92894
92912
92918
92920
92923
92939
92941
92946
92962
92983
92993
93001
93019
93022
93038
93040
93054
93082
93094
93095
93098
93109
93118
93157
93157
93165
93165
93175
93189
93194
93214
93243
93244
93255
93304
93319
93328
93335
93347
93352
93364
93366
93370
93374
93392
93412
93414
93416
93419
93428
93444
93446
93447
93474
93490
93492
93496
93496
93523
93545
93581
93583
93601
93602
93630
93636
93641
93667
93683
93689
93710
93710
93717
93724
93737
93746
93751
93753
93772
93779
93784
93784
93794
93801
93839
93840
93846
93849
93852
93852
93858
93860
93864
93867
93869
93898
93899
93905
93909
93935
93935
93950
93963
93983
94000
94003
94012
94017
94035
94038
94053
94056
94064
94082
94088
94117
94124
94143
94146
94159
94179
94179
94179
94194
94203
94215
94225
94237
94249
94251
94255
94258
94269
94284
94294
94301
94308
94312
94319
94341
94363
94379
94402
94408
94427
94429
94463
94473
94474
94486
94503
94513
94515
94523
94533
94571
94579
94592
94600
94601
94612
94623
94633
94638
94653
94667
94669
94672
94675
94675
94689
94727
94774
94776
94781
94783
94790
94797
94798
94809
94815
94823
94858
94859
94869
94882
94892
94911
94921
94923
94928
94930
94931
94933
94935
94959
94960
94966
94975
94997
95007
95008
95019
95028
95035
95037
95056
95060
95061
95073
95086
95090
95094
95100
95108
95109
95111
95130
95153
95177
95182
95215
95227
95231
95242
95258
95269
95272
95290
95308
95320
95326
95330
95344
95360
95362
95368
95371
95374
95383
95394
95397
95409
95409
95414
95415
95425
95451
95456
95477
95483
95488
95498
95509
95510
95510
95513
95519
95523
95531
95535
95543
95546
95548
95555
95559
95568
95569
95572
95576
95620
95637
95649
95649
95650
95660
95667
95668
95697
95700
95703
95713
95721
95726
95742
95746
95757
95763
95765
95783
95784
95801
95808
95817
95821
95822
95834
95840
95840
95863
95870
95876
95921
95932
95940
95978
95986
96000
96001
96018
96020
96033
96033
96045
96051
96057
96061
96068
96068
96072
96083
96087
96089
96111
96120
96126
96138
96143
96144
96156
96170
96171
96184
96189
96193
96203
96203
96207
96236
96254
96258
96258
96267
96271
96274
96289
96290
96294
96307
96311
96332
96334
96376
96379
96415
96423
96433
96435
96448
96451
96458
96469
96482
96483
96486
96502
96527
96528
96534
96535
96542
96547
96571
96598
96598
96614
96616
96624
96636
96645
96645
96653
96655
96659
96671
96697
96699
96702
96706
96708
96713
96714
96759
96766
96770
96784
96785
96810
96819
96825
96841
96841
96847
96854
96862
96866
96867
96870
96886
96899
96934
96946
96948
96953
96959
96962
96980
96985
96988
96998
96999
97002
97003
97015
97020
97020
97037
97041
97042
97051
97081
97083
97085
97086
97100
97105
97117
97128
97135
97137
97141
97142
97143
97192
97193
97198
97245
97245
97252
97262
97264
97271
97277
97280
97287
97299
97313
97315
97323
97324
97326
97346
97368
97368
97380
97388
97388
97392
97415
97419
97420
97427
97433
97434
97446
97466
97476
97488
97502
97509
97518
97523
97551
97554
97557
97564
97587
97591
97592
97600
97608
97621
97635
97667
97695
97725
97740
97750
97760
97765
97782
97799
97817
97826
97827
97833
97852
97852
97857
97867
97884
97884
97885
97898
97909
97914
97919
97928
97928
97933
97936
97977
97987
97991
97994
97997
97999
98005
98005
98007
98012
98014
98023
98030
98059
98069
98073
98074
98082
98095
98098
98103
98111
98113
98130
98143
98147
98150
98155
98157
98167
98179
98192
98195
98198
98239
98251
98265
98294
98305
98311
98312
98338
98356
98366
98372
98375
98400
98405
98415
98438
98459
98460
98490
98494
98506
98520
98521
98525
98529
98533
98543
98543
98545
98560
98575
98579
98587
98600
98605
98613
98638
98664
98680
98688
98701
98712
98723
98740
98751
98774
98790
98795
98801
98804
98814
98828
98840
98844
98849
98852
98854
98863
98882
98900
98901
98912
98926
98931
98936
98943
98950
98951
98958
98958
98977
98978
98991
99003
99007
99007
99008
99013
99018
99022
99034
99039
99039
99040
99042
99046
99065
99070
99074
99076
99080
99102
99116
99164
99166
99170
99195
99198
99204
99242
99246
99253
99258
99273
99276
99292
99305
99306
99316
99327
99327
99328
99331
99332
99334
99366
99366
99367
99372
99377
99406
99426
99479
99482
99486
99538
99540
99543
99585
99590
99599
99606
99629
99635
99641
99644
99644
99649
99662
99692
99697
99700
99710
99714
99725
99729
99730
99735
99749
99789
99810
99830
99831
99834
99839
99842
99843
99851
99862
99887
99887
99899
99905
99906
99908
99928
99943
99957
99958
99976
99992
99994
100000
